9216083
7967051
8033103
8163921
9545314
9346901
8427086
8165459
7836240
7441227
8228945
8689241
8822627
8362847
8494687
8429918
8165716
8626009
8953944
8953430
9347934
8888153
8429911
8167507
8563288
8431441
8760147
8693585
8956245
9152600
9152601
9545822
9545821
9480028
9414744
9217619
9480790
9349973
9284695
9152854
9218908
9153119
9153374
9547612
9548381
9416795
9285467
9351260
9548130
9547873
9613666
9549155
9220957
9483868
9615709
9483100
9548636
9614682
9412695
8361033
8098637
7638091
5795373
6056483
7767100
8491593
8953176
8296275
7507529
7901263
8624212
8426833
8427607
8231255
8429402
8363864
7837774
8165969
8559955
8822613
8756820
8888920
8692056
8561496
8167761
8496981
8759892
8825171
9022550
9153624
9087577
9284187
9612384
9415003
9283672
9414998
9415767
9415766
9482074
9416796
9482339
9284958
9285209
9219416
9417053
9416799
9416544
9416287
9548385
9285983
9220958
9286491
9418077
9548894
8886883
8031574
7965526
8294752
8557924
8886628
8689502
8426069
8163407
8097614
8228430
8688982
8557396
8886361
9083482
9149275
9017943
8689744
8493134
8098890
7770186
6980161
5663533
5794349
6254129
6516786
8096073
8557392
9282142
9348704
8690774
8230221
8558927
8756305
8428878
8297806
8496212
8430419
8692821
8889943
9021015
9350749
9087579
9022811
8824662
9022038
9284440
8561744
8956248
9153372
9087322
8955482
9086554
9547358
9613660
9351003
9548120
9219671
9219674
9219420
9285213
9613921
9482335
9548128
9285981
9549153
9417828
9614946
9614178
9016422
9214054
9017185
8622681
8162383
8425555
7899980
7834442
8558165
8426579
8031821
8163666
8097874
8032595
8032589
8032842
8296269
8427855
7769925
8361807
8427600
8624465
8295500
8624720
8625234
8296783
8625495
8691033
8098128
8294993
8491602
8623188
9281118
9215579
9282141
9282909
8954713
8757589
8692050
8626256
8495440
8430158
8628053
8431188
8825691
8890970
8955993
9153370
9284186
8824916
8824659
9481051
9086807
8891225
8956763
9087581
9219167
9482080
9285210
9351002
8956244
9153881
9613915
9482327
9351257
9482843
9417308
9351006
9614175
9154650
9155164
9549408
9548893
9615207
9549160
8950375
8489312
8488543
8423519
8292188
8424028
8687712
8950884
8819557
8622180
8358753
8029788
8358492
7766355
8292441
7897937
8029523
7832654
7701575
7833673
8162899
7966034
8163413
7900495
8097873
7966542
8032075
7966282
7637317
8097868
7900235
8293969
8359762
8227922
8622934
8360017
8230223
8296784
8165197
8230990
8362831
8099659
8099145
8295754
8822098
9018963
8953685
8822099
8953684
8624719
8887891
9019477
9216857
9085785
8954968
8758103
8692823
8824409
8561751
8298579
8495958
8627544
8759644
8628058
9022816
9021788
9349980
9612382
9217879
9219163
9349979
9022556
9088863
9023070
9088349
9219935
9285728
9482337
9285722
9219929
9483101
9482588
9614429
9548639
9482589
9220443
9089371
9220698
9548375
9351768
9483107
9417060
9278822
8752731
8556375
7767372
8030544
8293205
8423766
8488790
8160594
8358998
8030031
8096590
8031313
7768141
7899472
8294230
8359508
7504199
7635528
7898700
7898953
7899462
8097353
7571784
7309641
7374919
7769931
8098896
7769672
7703879
7901258
7835465
7637831
7965773
8163152
8557910
8623189
8491603
8162637
7966028
8295761
8230737
8033612
8033611
8099404
8231245
8428108
8362317
8690512
8756306
9019478
8953424
9019470
9085518
9546583
8888914
8955222
8823636
8692564
8758614
8627798
8299347
8299093
9021529
9086038
9021784
8955991
8890198
8955221
9220449
9154142
9417314
9153627
9088088
9351515
9285718
9482846
9352029
9221212
9352284
9613913
9549147
9351521
8294223
8557395
7833415
8293197
8226381
8094542
8489560
8161364
7833934
7308104
7571276
7767886
7767625
7701832
8030286
7570501
7767880
7636808
7439943
7703115
7966287
7637063
7505477
7766859
8227919
8096845
7901009
7900494
7572298
7769677
7309380
7967565
8099151
7835979
8165712
7639368
7836747
8362323
8032080
7768908
8229200
8229453
8492879
8229962
8558926
8428110
8362062
8559186
8756044
8888653
9349459
9218127
9217873
8889168
8823382
8626771
8429649
8364881
8365395
8299602
8298833
8560724
8494931
8364626
8760407
8957016
9218394
9021275
9284448
8889429
9088095
9352035
9220195
9088609
9154402
9285474
9088342
9154135
8890706
9088085
9286236
9286750
9615201
9613151
9351774
9351776
9417567
8098115
8229188
7767869
8688972
8687694
8029511
8095565
8293203
8228692
7900241
7505997
7308618
7505737
7176771
7767371
7899466
7768394
7834701
7900749
7769163
8032074
7703109
7899719
8031052
8358996
7898957
7834448
7637837
7571530
8163667
7901003
8098635
7902280
7968327
8493909
8493654
7967310
7703370
7966796
8493395
8296014
8493648
8230476
8427602
8887892
8953938
8954961
8955215
8757836
9021008
8757328
8559694
9019992
8626517
8495697
8430672
8299086
8298572
8429647
8888659
8824405
8891223
8628306
9021533
8955740
9612123
9350751
9285988
9351782
9087840
9153888
9022549
9614687
9614432
9483360
9350494
9548889
9417304
8031811
8097349
8227912
8753487
8161350
8424268
8293452
8293711
7768139
7769169
7638353
7375181
7703376
7571791
7636816
7899725
8097104
7834702
7637316
7440191
7768388
8162891
8228176
8227923
8162130
7769423
7572813
7703630
7967057
8229454
8491856
8492111
8360779
8426314
8426569
8689739
8821325
8558666
8493133
7968333
7968079
7837006
7968592
8363348
8231505
8428884
8559956
8688981
8755544
8756312
8954460
8429651
8429904
8495951
8561233
8954452
9019223
8692819
8693073
8626765
8954447
9216595
9611100
8888661
8757843
8759123
8562513
8694354
9088343
8956502
8824923
8890716
9021786
9481565
9415772
9351267
9154403
9154148
8891231
9417569
9022809
8890964
9087830
9220188
9089372
9088857
9154136
9285721
9154905
9352543
9418337
9023319
9022799
9220433
9417557
9548382
8031301
8162889
8687440
8292682
8490061
8358475
8227918
8030797
7966288
8098388
7834962
7703377
7899218
8162129
8031566
7834695
7703618
7966021
8163146
7835471
8032850
8295247
8294732
8557904
8491852
8492107
8689486
8754764
8557385
8360006
7900482
8296524
8231499
8100173
8165967
8231762
8100176
8034126
8428370
8821590
8492626
8754774
8952153
8887898
8822874
8232786
8363856
9215834
8822868
8823635
9021268
9218388
9480019
9347924
9545307
8954199
8627283
8759378
9087831
8758869
8759639
8694360
9022292
9350743
9349719
9548646
9548391
8957024
9220196
9022817
8957018
9219417
9088602
9154395
9023579
9614686
9351514
9155419
9352544
9286751
8957779
9483605
9286481
9023054
8031560
8228427
8358990
8489807
8555346
8424014
8292942
7833161
7834187
8030543
8161617
8360016
8426318
8163661
8162897
8491864
8097359
8163400
8360266
8360268
8294483
8294485
8229206
8361046
8492631
8360786
8492365
8360778
7966020
7900227
8229192
8558157
8295755
8163914
8361293
8493393
7902795
7837001
7771209
7968588
8362577
8230991
8099405
8756567
8755797
8887383
8558418
8690005
9085271
8430674
8888406
9347674
9281370
9216088
8823127
8560978
8823889
9021009
9151054
8821834
8625749
8494932
8429396
8363858
9152340
8824144
8627279
8694868
8826454
8892501
8957524
9350233
9546844
9219681
9153623
8890452
9483362
9155165
9089632
9286497
9220704
9154903
9549653
9549398
9351510
8294224
8425810
8359504
8752979
8687186
8555600
8358735
8162125
8096844
8294986
8426571
8032583
8163660
8557657
8294477
8426059
8557647
8689233
8426324
8360531
8229714
8164175
8032582
8229961
8098375
8361548
7967049
7901256
8296530
7967818
7902025
8427341
8690258
8821330
8887123
8689743
8952915
9216342
8822861
8429901
8232525
8232268
8624973
8953170
8689998
8823375
9085263
9018959
8691796
8298063
8429392
8757842
8955216
9087571
8890960
9022803
8760915
8760145
9350488
9087061
9218393
9284956
9154397
9088604
9022041
9482592
8891739
8957786
9089886
9417307
9022545
9217638
8491355
8622680
8491090
8490829
8688208
8359759
7703884
7507020
7704647
7638594
7966789
7637824
8032328
8228684
8162638
8557141
8425297
8425806
8688978
8099157
7968083
7902033
8033872
8099143
8033350
7835971
8361554
8296016
8492619
8888145
8690766
8821329
8821584
8821580
9085006
9282640
9019725
8692044
8495179
8495693
8954701
8888908
8625736
8693072
8627537
8561235
9020247
9217110
9086547
8692558
8561486
8627792
8496206
8298827
8495948
8824913
8956753
8825679
8891986
8695122
8825940
9087316
8758866
8824150
8890455
9614174
9285464
9547867
9416281
9481305
9416026
9416542
9220190
8891992
8958040
8891478
9415773
8360284
8425816
8426061
8228682
8097098
8229968
7703885
7243848
7638606
7835724
7836232
7638339
7900742
7637570
8098121
8556883
8557138
8556622
8688463
8622670
8230482
8099412
8099669
8165458
8165198
8164936
8296008
8164168
8557645
8557900
8492362
8492873
8493642
8362570
8296522
8362315
8625489
8559441
9216596
8953677
9085260
8953674
9085773
8954446
8757582
8626510
8955469
8955724
8890190
8495442
8822866
8758096
8364107
8431182
8365389
7970631
8232776
8627534
8693327
8627791
8825685
9153109
8824407
9022295
8890963
8957010
8891472
9154131
9417050
9153878
9547098
8629075
8956757
9481312
9282402
8032088
7900756
8492117
8491854
8097106
8360270
8820049
8819789
8557131
8359752
8294475
7835463
8427093
8558424
8624472
8690265
8558419
8295246
8623697
8558158
8755537
8623950
8558412
8295494
8098884
8296263
8165452
8164944
8428116
8559702
8823128
8626003
8692049
8823630
8954955
9086293
9020245
8691541
8494417
8692303
8298061
8627030
7969862
7968835
8428617
9020754
8889428
8955736
8825432
8693330
8825430
8628821
8693591
8825177
8890959
9285971
9154640
9285456
9219664
9482582
9284950
9219157
9022546
8825167
9088339
9547353
9087834
8694099
8890451
9284434
9480537
8031827
8755804
8492372
8689490
8228173
8556114
8556116
8425809
8754256
8886096
8164430
7703877
7769670
8623442
8755028
8557649
8294220
8360013
8755283
8493387
8625742
8363084
8099913
8296791
8560216
8560203
8625996
8625748
8232013
8561487
8560463
8165705
8494934
8429910
8559949
8888400
8823897
8955995
8496720
8299856
8563028
8825946
8759384
8562005
8759374
8956492
9482835
9285457
9153617
8955983
8825166
9154132
8759637
9284689
9347940
8490321
8425298
8031311
7768909
7834956
8425291
8491084
8162380
8098134
8426330
8623450
8425301
8754517
8032335
7834949
8228935
8491592
8229190
8163654
8361801
8427594
8361547
8033859
8427347
8361045
8361815
8428631
8494423
8363350
8756565
8757075
8363854
8166732
8364108
8627280
8889937
8560717
9151831
9151833
8691027
8626257
8495185
8758104
8758616
8889689
9219925
9351511
9285203
8758865
9023064
8497235
8563542
8694614
8956509
9482329
9415258
8292683
8424783
7570760
7901264
7965258
7900997
7901511
7835718
8164428
8228939
8360792
8556887
8491348
8294738
7702849
8228674
8491331
8294722
8361029
8427080
8558933
8689751
8361040
8426572
8229701
8164169
8361039
8296517
8362056
8492625
8361300
8033358
8099919
8428630
8297038
8494670
8494924
8627026
8756559
8887631
8755791
8230215
8230729
8363085
8100427
8363345
8495444
8759377
8758357
8824658
8693584
8956756
9219155
9153362
9021778
9218902
8892507
9219165
8891230
9480796
8161356
8359505
7899727
7703116
7769678
8097094
7834434
7769411
8557655
8360278
8294213
8490562
8556355
8228420
8231759
8297552
8034381
7967819
8360525
8427079
8295493
8493901
8363091
8494156
8559435
8493896
8362310
8230470
8297292
8034634
8495694
8232521
8561998
8298826
8299596
8562768
9087569
9350227
9152594
9086802
9612891
9481819
7439690
7900755
7637323
7637322
7768903
7900488
7966535
8229707
8492886
8229459
8426063
8031305
8426839
8097620
8491078
8295240
7967559
8034120
7837255
7969098
7640135
7573830
8887637
8427849
9085010
8691021
8363599
8231238
8297031
8164422
8098629
8428363
8559688
8625481
8230984
8165706
8758351
8955730
8233548
8299341
8430927
8561999
8890192
8955475
9021014
9218647
7768655
8295507
8031572
7572291
7835204
8032849
8229974
8361560
8295767
8164436
8360521
8163399
7901764
7836741
7705669
7903048
7968073
8560210
8297291
8690513
8756051
8952916
9018708
8887377
8624205
8164938
7704640
7770687
8165445
8822352
8757837
7836487
8034119
8297545
8560972
9152861
8693076
8693846
8562258
8365649
8431442
8496465
8628051
8365648
8497234
8693844
9283417
9220437
9088851
8957265
8891731
8825938
9613405
8032081
7702862
7571790
7572038
7769410
8032844
8164181
7639362
7573315
7704901
7770439
7638853
7704646
7771462
8361809
8294985
8097861
8165191
8296777
9151063
8954707
8493903
8099912
9020500
9216856
8889682
8757334
9021276
9087068
8890202
8496467
9548122
9087824
9220182
7506506
7768384
8491091
7902534
7639108
7507268
7573829
7837002
8164689
8098643
7770958
7771213
7902286
8493140
8558672
8755534
8755532
8100684
8625487
7770954
9086040
9152086
8758606
8627028
9481813
9350996
9219928
9481826
9612390
8293462
8162644
7768400
7899465
7636545
7834696
7966790
8164683
7902026
7704393
8033866
7442243
7901517
7836494
8231251
7770700
8624979
9083729
9149776
9018704
8494671
8233040
8166477
8625228
8756045
8821837
7573321
8757335
9086808
8758612
8430413
9218133
9481560
9152595
9021523
9153364
9416020
9350741
9613152
9216863
7964751
7638092
7965259
8227149
8359251
8031814
7637825
7375682
7507782
7572552
7899211
7835210
7769417
8294728
8690772
8230731
8887630
9347669
9479514
8561237
7970128
8561490
8166475
8691535
9086033
8691275
8623951
7376450
7574087
8298314
9283926
9284181
9284180
9088338
9415512
8555093
8030539
8490062
8424530
8293715
8228690
7966281
8031813
7702848
7506753
7507014
7505991
7636555
7833932
8098382
8228680
8296021
7901772
8690004
8755018
8820811
8624201
8361286
9019731
9348696
9282903
9283419
8560982
8232531
8166738
8167247
9348435
9216849
9151311
9217104
9282135
9150294
7573569
7245373
7114044
7113789
7705928
8626263
8889435
8364111
8496726
9022037
9349974
9086801
9218387
9416534
9284948
8883289
8687193
7835216
8227657
8489801
8226120
8031303
7899717
8097096
8490576
8754003
8623946
8689994
7967304
7704132
9085532
8953691
8430165
8298324
8232532
8035152
7969359
8298065
8823121
8887884
8690505
9282642
8953423
8756814
7442752
7245630
7640388
8890200
9021776
9416536
8751958
8424275
8161866
8357961
8621648
8293712
8293716
7965265
8491599
8425036
8490315
8819280
8293966
8492364
8098642
8164435
8559188
8822619
8427861
8297557
7772749
7641931
7576140
7772750
8035153
8034383
8034638
8297553
8428624
8625482
8428103
8427333
8624967
8559429
8822607
8034889
7837763
7706690
7772483
8035400
8298318
9088596
8956752
9022285
9022031
8824399
9218140
9153115
9612637
8030025
7833164
8161358
8358221
8621907
8228431
8031058
7636814
7375434
7309896
7507528
7573061
8097606
8096835
8820821
8820310
8951896
8885587
8294983
7900996
7638854
7572807
8033873
8230743
8165205
8363346
7510086
7575879
7641417
7903821
8100431
8494410
8559689
8167237
7838272
7706432
8166729
8429900
8561741
8955985
8824397
8495434
9023058
8891470
8759882
8693834
8693580
8227398
7832899
8096851
7833165
8226896
8095310
7965518
7505483
7506251
7440458
7441482
7573322
8033352
8163395
8426832
8359245
8162119
8031556
7834689
7703871
7507267
8099665
8099666
8296536
7770947
8100682
7838021
8559696
8165700
8428872
8298055
8101444
7772225
7903557
8560464
8430155
8496202
8364362
8562507
8694093
8759886
8956499
9348702
7899201
7570752
8227669
7767118
8095826
7832652
7964747
7965001
7767879
7768649
7571027
7439441
7702607
7702601
7702856
7770178
8163908
7768902
8032836
7836226
7967557
8887122
8624458
8296002
8428102
8690760
8166220
8757073
8232007
8297800
8231752
7902533
8890709
8825420
8825675
8627787
8627788
8692811
7768133
8095824
8030035
7766863
8425048
8096587
7965512
7833940
7636561
8162390
7965520
7965004
7833672
8031051
7703617
7637055
7308599
7571529
8426838
8821591
8164931
8558662
8492869
8361287
8821838
8756296
8690503
8558408
8035143
8363338
8298315
8889175
8428877
8429131
8364879
9285717
9154385
8891468
8693581
9613654
8161621
8358745
8095573
7964242
8424789
8161864
7768131
7571009
7505731
7439684
7636294
8030540
7900489
7571777
7703363
7573060
7440198
8558665
8099398
8558153
8492360
8560457
8429125
8626250
8889423
8101707
7839305
8036430
8034380
8824154
8757068
8691789
8232779
8562260
8759120
9219410
7637330
7899988
8227414
8161366
8292954
8292952
7701066
7963717
7767106
7702338
7570754
7636547
8227659
8227404
8161097
8095818
7833160
8096332
7573575
8492872
8492615
8426567
8428369
8362576
8692297
8626759
8560966
8167500
7707719
7970382
8560725
8757067
8560458
8364365
8299088
8759130
7898455
8161113
8358234
8161368
8096598
7965011
8029256
7700546
7963718
7832901
7898439
8096333
8623958
8558425
8492632
8295253
8623703
9018716
7967043
8033345
8559180
8624712
8429386
8362824
8363079
8954454
9087326
8759631
8430921
8628300
8561995
9152848
9546838
9414997
9283678
8029780
8489559
8555607
7964240
7569993
7570762
7832391
7831877
8029770
8162126
7898694
7964232
8820827
8491862
8754520
8951899
7967552
8098376
8295747
8231498
8232272
8232017
8297810
8691282
7902787
9020506
9087069
8825170
8825424
8430666
8628045
8430409
8561225
8758090
9283666
7571270
7636293
8621901
7964485
7372864
7438915
7702087
7767368
7636553
7571015
7701829
8030278
8359243
8030794
8886875
8295252
7835973
7969868
8624459
8033091
8033605
8232522
8364372
8692310
8167502
8628561
8694352
8760400
8693838
8823896
8429641
8494918
9021262
7965255
8292936
7767876
7702086
7505222
7504969
7307588
7439429
8096071
8162634
8031048
8427340
7968841
7969096
8166986
7901505
8164677
8100936
8692311
8693337
8562265
8694607
8889690
8758604
9481559
8424791
8490584
7702348
7308358
7832907
7701321
7636039
7833418
7504967
7307843
8622931
8164161
7837764
8692043
8363848
8230724
8429138
8692813
8298053
8364616
8364620
8430412
8496459
8496712
9612631
9349726
8030290
8030033
7898958
7834193
7898954
8227665
7703110
7965767
7900228
8229193
8820564
8689496
8558919
8100935
7838018
7771970
8034628
8691529
8757576
7969353
8363585
8364101
8496201
8364615
8889422
8364619
8957526
8627020
6914369
7505736
7572044
7572299
7242819
7242050
7439174
8357968
8357967
7833926
7834435
8032068
7834430
8360776
8623693
8755026
8622676
8820313
8755034
8426071
8100676
8166469
8166728
7903303
8165959
8166214
8232262
8429639
8626251
8822860
8823115
8559943
8428357
8297286
8232270
8034891
7836735
8099392
7967806
7967292
8756549
8822342
8888394
8428871
8298823
8298822
8429894
8298562
8099899
8363840
8627527
8562248
8629329
9480791
9413467
6783806
7178564
7571524
8489553
7505216
7768642
7966275
7966529
7834943
8032064
8558155
8689231
8100421
8100674
8035136
7969343
7903811
8494665
8494664
8494150
7903297
8099906
8033599
8032826
8756035
8821827
8690756
8560197
8626504
8233030
8233287
8495941
8626757
8889670
8823877
8758343
8693320
8496455
8430408
8233801
8102215
7905097
7904844
7838543
8233300
8496975
8365903
8431950
8563536
8299594
9545052
7045954
7505228
7373903
7440466
7243086
7242826
7899208
7702340
7570500
8032322
8034373
8034881
7903295
8165699
8691274
8166983
8101447
7838276
8099907
7967551
7900986
8558656
8625220
7969858
7970115
8757829
9086794
8955208
8889931
8824652
8035655
8036424
7905098
8233301
8233046
8299608
8431449
8759898
8562774
8496714
8299333
8694089
8562503
8430662
9480029
7045955
7309127
7439435
7374673
7374672
7767622
8229447
7901766
7903042
7968320
8689741
7903814
7968580
8231493
8427841
8822599
8756806
8625990
8099138
7967037
8492609
8755781
8756295
8756808
8561227
8101190
8627018
8823369
9086541
8758361
8167241
8101962
8233293
8364887
8760153
8759627
8299076
8233795
8562505
8495687
9413466
6914628
7243079
7569992
7701578
8096841
7503687
7964493
7833924
8493126
8032575
7507261
7967812
7770433
7902528
8755279
8820303
8101448
7574592
8362309
8296771
8363332
7904069
8361540
9020761
9086299
8363603
8101714
8496205
8233803
9481298
9479768
7111493
7242565
7570246
7438403
7635782
7701574
8491345
7570507
7438407
7965508
7899970
7965763
8097604
7834942
7704385
8035146
8100939
8101193
7969607
8035142
8297539
8101968
8168270
8562252
9219149
9349713
7766853
7569474
7832646
7569988
7767367
8226635
7963977
7504453
7965510
7899715
8096580
8162373
8294214
8294473
7902794
8101454
7773511
7839304
8102217
8232260
8100166
8165966
8234317
8167240
9479526
8161611
7964487
8095303
7373381
7374150
8490823
8425800
7965249
7966018
9149786
7836740
7705154
8099652
7838542
7773517
7774026
7708488
7905352
8168008
8035908
7969088
8034883
7837504
7969604
8166479
7771974
7903560
8101709
8036684
8036683
8300110
7969861
8890445
9087310
9218641
9481057
8226889
8227652
8490309
8292930
8161599
8294467
8294981
7966548
7967056
8690252
8033097
7969350
7640384
8035651
8035397
8035921
7970129
7838282
7838790
8035650
8034893
7509056
7904068
7969857
7969100
8100686
8035916
7772744
8233295
8168016
8102223
7970891
8233033
8495432
9611367
8161096
7636290
7373891
8424777
8490054
8227392
8359746
7901250
7964994
8427099
8361306
7639622
7904322
8035667
8232023
7903058
7903052
8166467
8166722
8101443
7574849
7311677
7970370
7904577
8035661
7970637
8102477
8234063
8431180
8364873
8363846
8823629
7904836
8298569
8101956
9413734
7504961
7636802
7438911
8226890
8358984
8424261
8358723
8490564
7900225
7704387
8162887
7968587
7903305
7705155
7968853
8165722
7902550
8297048
8233029
8101697
8036414
8101952
7640385
7706178
7970121
8167755
8233034
8232515
8627273
7839043
7510841
7576888
8036161
8561480
8300103
8168777
9217116
9610337
7372609
7504450
7504704
7702083
7767108
8293191
8425030
8097867
7706696
7705926
7968845
7837265
8034136
8165208
8888673
8297045
8233283
8430402
8364349
8429378
8495173
8363587
7969090
8035914
7706949
7838535
8101701
8035654
7576635
7642681
8101954
8497228
8234571
8168524
9414489
7372348
7438141
7898692
7701315
7438143
7635781
7504195
8161859
8359238
8687955
8622162
7771208
7837512
7968326
8230228
7639623
8231760
8429139
8099923
8823389
8362837
8692036
8757575
8625989
8231231
8165438
8230978
7968321
8231492
7772228
8167490
9546591
9347935
7635520
7503936
7964746
7637577
8425545
7374912
7309119
7440705
7572293
7638086
7771719
7967826
7902287
7705416
8560711
8362817
8165953
7705663
7904583
8036169
7241542
7241797
7372613
7372867
7636036
7964740
7635775
7703624
7309121
7243328
7309635
7375428
8819796
8885589
7705415
7639627
7704907
7837767
8167494
7772235
7904336
7641933
7510345
7510600
7642180
8233809
8694091
8366151
8365896
9152092
7307849
7637069
8030533
7504189
7767361
7570497
7374659
7177794
7440707
7111742
7441221
7638600
7639114
7706181
7838275
7707459
7904075
7771980
7904081
7378761
7247173
7313221
7970123
8363593
7969349
8168010
7707973
7971392
8365381
9349210
7440966
7243587
7243333
7111233
7373636
7176257
7374914
7505730
7506500
7310403
8100174
8166224
7837259
7837510
7443779
7904330
7838537
7904065
8365134
7904838
7971399
8103246
7642695
8365642
8168771
8497476
8627781
8758598
9218894
9415252
7506759
7374405
7638084
7902797
8494162
8626518
8494677
9020507
7178811
7772742
8102731
7970884
8234310
8102979
7971652
7576640
7905866
7839819
7707979
8036938
8234056
8824905
8890184
9282650
7636300
7439176
7308098
7438914
7044926
7374145
7440452
7309126
8231252
8428377
8165185
7705148
6981940
7442236
7574083
7904328
7641925
7905867
7839045
7970629
8036163
8102470
8234565
8102978
8169539
8037953
7972162
7774273
7905606
7904589
7839051
8759373
9151323
7438667
7702093
7373383
7702346
7176512
7439938
7835470
7440713
7374920
7836233
7770440
8297298
7902273
7179319
7705408
7641411
7576132
7840074
8102476
7970376
7772997
7773250
8299080
8167747
8037186
8103748
7972930
7775551
7840321
7905859
7773258
7374151
7373897
7307590
7110211
7241281
7372610
7243593
7309386
7177800
7704138
7506498
7836994
8429141
8166739
8166485
8364117
7772479
7640893
7706177
7443006
7640131
7571282
8359782
9543525
7441977
7640123
7641664
7774281
7707204
7773252
7839559
8037192
7774020
7774019
7839298
7838529
7772482
7838525
7904318
8365636
7971646
7972415
7644222
7709761
7512128
7445569
7971660
7905612
8168784
7643207
8432464
8037191
9414242
7242564
6979392
7439944
7307335
7176004
7241027
7175231
8424269
8555854
8030280
7440972
7243852
7375438
7506767
7704144
7376959
8626520
8758106
8627036
8495450
8298071
8495703
7640639
7377212
7311166
7508036
7505489
7509306
7641405
7642440
7575873
7773766
7905605
7839812
7773505
8168269
8037453
8167236
7574846
8036416
7774014
7643456
7709253
7642694
7707718
7706435
8103245
7971917
7972172
7577412
7971913
7708227
7109695
7438402
8490831
7177802
7046218
7243597
7310160
7506769
7769939
7705420
7640395
7705673
7638847
7771717
7574595
7508802
8495189
8495704
8560988
8298325
7771721
7640133
7443009
7180091
7376704
7439951
7181883
7116604
7313732
7576906
8102737
7905358
7839813
7510594
7577155
7708226
7642173
7641919
8234831
8037965
7772478
7509307
7509053
7575103
7707465
7576138
7905103
7706951
8102985
7642948
7840073
8169038
8233542
9216609
7767114
7175488
8096336
7438149
7505998
7177547
7243340
7770180
7968080
7574602
7441983
7509317
7575110
7772489
8494936
8100178
7837520
8100946
7508290
7574342
7573832
7508039
7639880
7508549
7376961
7377216
7639876
7637584
9546851
7116351
7773003
7707210
7379008
7445315
7576901
7576641
7379262
7575871
7576133
7575104
7706957
7707457
8365387
8953443
7110978
8161872
7241288
7438921
7504714
7769664
7768896
7705161
8033619
7508294
7244864
7310657
7508029
7179580
7705165
7836497
7771474
8100692
7509572
7838028
7510339
7840331
7511366
7511109
7641163
7641926
7312960
7706689
8036422
7707712
7773759
8494163
7177540
7308866
7899974
7307851
7439437
7372874
7833679
7572032
7902540
7771211
7573568
7310911
7836493
8165207
8100439
8297816
8298585
9084497
7442244
7179072
7245118
7246405
7444554
7970890
7641156
7641672
7773772
7840078
7574856
7575370
7509831
7378500
7181889
7510340
7377991
7378506
8166993
9150816
7242558
7308351
7110217
7307596
7702609
8360276
7111747
7244103
7441736
7639115
7573834
7376969
7245383
7246151
7180358
7377222
7443015
8034385
7508041
7310143
7309889
7113024
7508037
8560729
8429657
9085016
9084763
9216349
8952407
7903566
7247175
6786624
6589502
6852674
7050053
7115591
7313225
7509570
7838796
7575363
7377731
7180866
7246659
8101200
7837514
7903307
7772241
7706963
7773268
7773521
7444552
8757849
8953182
7045440
7242559
7110973
7176765
7504707
7439168
7504708
7504460
7505230
7768402
7112262
7507278
7704399
7375691
7375689
7573579
7574348
7311690
7443530
7706702
7771981
7507786
7442248
7441475
7178302
7179071
7113278
7705924
7508545
8626775
8889181
9020767
7969620
7904595
7707983
7247686
6656063
6721856
6918982
7312970
7378759
7181380
7444807
7641158
7575624
7509063
7706442
7378253
7180872
7576142
7707724
9480290
7242305
7438660
7307329
7175743
7306820
7503946
6980415
7835730
7770192
7705418
7705934
7638861
7704654
7704126
7900736
7441735
7375942
7310662
7376455
7244865
7311168
7639361
7245627
7311932
7443263
7640903
9021021
9283939
9086560
9415525
8034114
7773512
7445316
7247937
7247682
7115334
6720321
7180613
7378245
7575365
7574340
7838784
7839552
7176002
7110209
7307328
7175742
7109950
7438406
7046463
7045949
7770701
7637564
7637310
7703103
7047231
7244867
7706686
7640649
7642434
6851648
7048512
7311684
7839565
7442497
7576126
7312699
7444285
7706943
7443518
7904064
7970111
7904575
7838782
7706939
7903804
8034622
8494404
7373128
7242812
7373883
7308091
7176251
7110203
7635785
7571523
7769156
7375681
7706685
7707198
7510078
7641666
7444546
7509825
7508799
7576894
7444794
7378239
7312193
7180352
7311938
7642186
7378754
7510847
7379261
7246908
7312701
7444287
7903550
7838011
8100668
7968827
8034620
8100929
9217626
9412450
7636047
7308352
7374653
7308859
7374138
7308345
7176505
7110458
7441474
7770694
8101182
7707194
7378231
7378492
7313208
7575865
7640896
7508547
7445308
7247675
7115328
7049280
7312961
7771971
7510848
7248190
7182397
7510080
7772987
7970621
7444277
7575353
9415005
7767378
7438413
7110719
7506239
7439676
7373884
7177280
7968066
7902781
8166976
8035389
7444026
7247161
7510333
7903567
7706188
7575618
7443777
7312968
7839310
7577414
7379522
7576902
7182656
6853697
6787649
7313479
7576397
7509577
8036175
7510854
7445061
7313475
7772736
7575612
7313215
7444801
7509564
7641150
7443771
7312440
7180854
7642687
7577149
7314232
7248184
7378753
8234832
7438668
7175495
7372875
7044163
7439937
7374398
7439677
7177026
7375173
8297044
7573822
7245884
7639609
7838010
7903803
7838271
7903313
7312452
7246914
7774285
7379268
7576393
7445573
7182915
6854211
6591554
6656833
7050821
7379018
7510347
7379014
7509817
7312954
7313469
7182143
7116096
7116355
7444547
7576387
7970368
7641403
7772989
7444024
7509819
7181368
7445828
7511621
7577667
7511870
7314491
7248698
7379523
7708490
7643466
9019484
7045185
7044416
7373121
7373375
7439423
7308605
7045179
7374144
7506245
7046208
7638345
7376453
7639625
7377213
7310650
7508284
7508537
7837757
7706171
7640378
7640125
7639870
7771201
7575371
7575116
7444293
7377986
7443784
7443785
7246920
7116608
6985283
6722626
6919235
7706956
7444540
7247428
7313730
7971138
7248708
7117891
7315009
7446590
7708480
7708996
7708741
7709000
7840845
7446088
7642699
8300116
6847037
7241535
7307837
7176766
7110972
7045433
7241795
7377470
7311420
7114040
7311419
7574332
7376698
7244857
7443270
7377477
7377992
7311944
7641164
7312198
7312199
7247168
7182401
7050307
7312966
7444032
7511108
7708487
7378494
7181635
7313729
7445054
7905345
8036931
7905091
7248194
7314242
7643203
8036677
7774280
7774283
7577420
7576904
9085530
6913860
6848068
7110472
7636046
7701839
7439166
7570243
7241536
6979647
7704908
7902544
7837004
7507776
7509311
7376189
7770948
7508808
7508809
7377483
7311691
7443791
7575377
7312205
7443276
7574601
7575885
7115842
7183170
7117122
7445320
7444038
7050557
7247936
7182144
7511617
7511101
7642428
7839807
7708221
7707966
6913607
6847814
7570513
7899478
7832656
7438153
7503934
7307074
8097607
7771711
7246400
7377984
7836480
7771466
7574862
7443277
7509584
7377998
7509069
7640897
7312707
7443524
7181121
7379525
7116350
9215585
6782789
6782021
7241548
7504466
8358747
7503436
7635273
7503426
7503167
7241023
7966802
7112001
7506505
7836734
7770942
7639118
7573325
7442501
7114819
7575630
7510092
7377725
7574591
7247692
7445071
7444556
7575610
7707196
8036944
9346657
7176265
6781252
7372620
7375943
7440712
7376451
7047743
7245637
7706187
7180612
7575357
7246665
7312971
7969614
7773244
7641913
7700813
7372360
7372614
7306816
7702595
7244356
7376196
7572801
7442246
7179584
7442756
7640394
7379515
7247929
7378747
7509310
6984510
7049535
7903556
7640642
7906120
7775042
7840835
7511362
7306310
7108929
7373373
6782008
7505984
7309888
7182905
7116853
7313463
7116090
6984764
7049789
8168263
7774534
7643205
7511874
8168778
9217118
6978109
7177019
6914361
6848568
7111740
6980154
7640141
7508300
7442507
7771727
7377737
7509578
7248449
7182652
6985018
6853179
6720823
6852410
7247167
7181629
7445055
7774528
7774538
9479774
7177535
7045947
7309374
7177533
7245130
7244357
6918972
6983995
7181374
7312446
7380031
7708735
7774787
7708998
7840586
7577410
9611107
7308357
6914877
6915131
7308612
7115073
7115836
7116859
7708994
7643714
7578176
7775555
7577921
9151070
7045700
7177286
6980162
7177541
6914368
7376708
7180605
6983487
7048766
7247676
7247422
7182654
7050811
7380796
7446589
7248702
7576647
9283425
9415011
9478759
6978884
7110470
7110725
6979907
6848067
7242825
7111239
8096079
7770447
7507275
7442754
6917441
7114820
7115587
7115581
8035922
7445065
7642444
7971409
8037202
7839823
7510587
7313983
9544036
7175496
6978117
6979139
6782274
6979654
7176779
7308365
7111240
7308872
7573068
7441993
7639372
7574338
7181382
7444299
7246406
7115589
7181639
7773776
8102741
7050303
7510842
9019739
7371850
7240519
7174981
7045186
7308110
6848829
7638863
7638864
7441484
7704911
7770704
7835985
7441989
6983996
7247941
7116100
7707726
7509837
6851393
7049027
6983742
7312713
7641935
7642190
7576380
8035407
8690780
7108676
7240517
7306821
7242311
6913861
6782783
6782782
7243073
7506765
7310153
7375946
7442762
7508555
7311429
6918971
7049788
7182148
7839312
6785855
8231764
9149532
9608295
7240770
7569989
6913599
6849345
7178310
7243334
7310150
7049529
7115322
7180607
7312191
7708233
6785854
6588475
7181375
7508798
7443517
6848061
6717504
7178055
7310149
7968590
7376963
7311170
7377978
7904335
6786108
6522936
6654522
7246653
7443514
7311928
7443260
7377467
7246392
6650422
7507522
7836751
7705918
7181115
7049527
7312185
6852156
6785849
6522677
7114814
7311931
7640892
8300363
8431689
7044932
6979393
6913600
6847292
7044671
7572546
7771709
7837502
7115582
7246906
7378233
6720570
7180860
7115067
7246398
7443005
7445318
7511111
7707451
7378741
7313462
7379001
7972166
7906373
9347173
6847559
6979653
6914108
7045694
7373122
7112517
7638592
7572799
7441982
7377724
7247415
7180098
6588215
7246145
7050562
7639615
7510072
7510327
7838780
8101183
7312438
7445824
7774791
7971659
8955483
6584648
6848329
6914121
6848837
6848576
6716989
7375179
7180345
7245375
6784824
7179582
7114559
7050049
7902527
7575099
7772991
7314240
8037452
6452807
6453316
6650950
6717253
6848835
7701579
7833669
7374411
8426826
7114298
7180346
7114812
6983481
6982455
6785076
7113787
7379776
6984503
7246139
6917435
7380294
7313987
9479521
6650695
6519363
6585667
6914375
7046216
7571021
7505744
7374158
7179837
7048505
7245881
7048248
7179834
7379255
7313468
7314238
7574330
7248709
7117123
7380025
8364869
6650689
6716482
6979914
7110986
7110731
7044938
7373389
7504461
7569739
7504200
7571537
6851647
7311423
6785847
6851640
7049019
6982458
6853944
6853432
7050560
7245636
7311927
7377720
7444279
7904573
8036159
8167745
7314749
7512125
6848321
7242058
7241803
7307081
7701325
7768916
7834963
7902019
7310397
6916926
6983234
6786102
7048759
6982966
6917433
7048760
6851126
6917949
7050558
6591033
6722105
6919743
6985022
7051329
7050815
7051330
7116353
7182146
7641658
7378486
7180852
8101437
8232768
7380035
7183424
7315263
7578175
7512379
7176772
6783036
6914622
7046978
6980931
7244105
7507277
7310660
7048257
7114305
6982719
7114050
6983233
7114553
6654769
6392366
6852917
7181882
7049782
6918196
6983736
7049274
6983228
7245891
7049021
6721850
6984765
7247939
7051838
7117630
7512383
7709249
9479520
6981185
7112771
6981188
6784324
7112519
7179590
6916672
6916671
7310915
6917694
7246138
6852918
6721331
6918710
7050296
6983226
6917440
6588729
6918717
7248445
7182909
7971145
9412958
7635277
7306567
7635786
7112770
6849347
6915138
7179076
7113283
7244869
7507775
6851901
6918202
6852664
6984250
6917941
6917943
6787386
7117892
7511880
7569231
6977092
7307582
7176518
7046724
7178049
6981184
7178563
7178821
7049026
7114806
6984001
6983734
6457645
6589231
6786610
6655024
6720817
7181113
8167749
7512650
7249477
7578442
7577159
7108939
7109448
7243067
7308860
6914883
6980676
7376200
7310396
6852150
6851634
6786096
6786094
6720301
6917682
6982712
6917173
7643721
7512649
7644489
7512389
7635792
7373630
7046469
6783042
6849348
6651711
7110464
7111487
7112510
7244096
7244610
6917688
6785841
6720303
6851889
7115061
7445049
7774013
7313722
7445563
7576651
9215587
6913091
7177032
6783297
7243842
6981438
7047488
7047994
7377223
7114552
6852409
6523191
6918203
7313977
7116343
7182136
7050043
7445826
7380802
7249216
7248447
9346911
7240774
7306312
7043655
6715459
6649921
6585410
6651458
6716990
7178303
7046717
6980924
6981695
7113281
7178817
7311430
7443016
7114051
6785594
6851642
6916665
7048251
6194487
6523959
6786616
6853178
7116089
7181622
7247670
6787125
7705916
7052607
7183423
7838288
9083231
6978625
7175235
6912577
6584126
6781760
6453309
6190905
6388539
6651197
6650427
7244095
7177788
7047490
7048004
7180104
7048772
7114565
7114041
6982203
6850370
6652991
6587453
6653500
6456121
6719292
6851133
6588476
6390836
6523445
7115059
7180599
7314501
7379780
7771964
7116861
6986044
7641678
9083485
6978623
6519356
6453563
6716735
7111748
7374665
7046716
7179329
7639886
7311176
7113791
7245377
6982464
6785086
6719039
6521660
6455867
6587707
6587706
6850878
6917180
6917186
6851387
6721338
6787131
7049794
6787385
6721593
7246647
7049268
7314756
6985275
6847553
7175230
6782275
7440719
7309133
6917955
7179844
7574095
7245122
7047996
7179325
7113532
6850617
6916410
6982973
6719547
7049286
7049541
7049796
6721084
6655291
6655804
6787390
6918976
6983748
6720315
6589238
6984504
6721592
6590264
7377721
7575100
8166208
7641401
7247432
9411939
6978886
6781505
6977855
7307071
7241278
7109949
7241289
7109702
7175234
7112009
7308879
7704146
7507532
6982979
6983493
6916932
7113797
6850364
6982205
6522422
6786622
6720831
6852417
6984003
6786877
6786363
6720829
6918208
7115846
7181127
7115079
6655031
6787896
7246135
7642433
7380288
7968574
7968829
7969597
7181893
9345895
6716228
6847298
7043648
7437888
7175994
7044679
7241034
7371339
7173699
7042877
7043899
6716729
6519611
6650942
7375936
7376716
7442254
7639633
7244360
7310407
7179843
6916165
7047749
6785085
6852415
6984256
6918467
6655295
6786881
6787135
6918721
6721595
6590006
6589746
6852148
6917174
7180874
7114311
6918463
6984260
7049798
6721332
6722101
6919737
6919225
6918457
6721846
7839037
7380284
6912838
6847300
6911809
7174471
7436618
7436357
7568705
6848315
6848575
7044677
7440204
7374926
7375167
7508302
7508047
7704656
7441739
7047496
7048258
6851139
6588482
6587967
6655549
6852419
6787395
6656318
6590260
6589745
6917427
7114295
6523705
7378763
7510349
6918711
6985273
6788151
6524471
6656312
6853691
7051066
7905085
7839806
7181384
8231509
8492384
6977862
6911815
6648643
6714436
6846531
6780737
6715714
6584128
6451773
6845761
7043138
7043391
6782013
7243599
7572051
7179082
7178827
7113034
7245134
7311437
7048519
6982725
7245897
7114312
6850886
7048265
7245898
6391356
6457912
6457143
6391864
6523452
6786369
6785340
6918210
6852928
6655802
6524214
6392627
6523699
6655285
6655545
6655800
6852924
6984514
6655038
6919480
6853689
6984769
6787388
6722111
6721342
8757344
6780483
6714950
6451779
6385732
6254399
6254653
6583873
6649151
7043902
7373642
7176263
7177806
7374930
7112527
7507538
7573840
7046981
7112774
7112256
7178567
7310159
7375952
7310929
7310927
6982472
6916933
7245644
7114058
6916169
7245389
6851907
6720576
6786617
6852670
6261042
6458166
6655036
6919484
6984767
6918974
6853181
6918212
6656572
6853183
6590519
8954215
6518333
6451778
6320962
6386753
6978370
6978878
7439696
7178059
6914632
7046988
7046734
7047502
7442768
6850117
6718786
6981442
6915645
7178312
7178313
7244106
7244366
7442515
7245136
7508561
7113803
7311182
7179596
6721088
6590007
6656057
6457657
6523450
6852162
6654783
6590270
6722365
6722364
6590778
7902036
6387516
6387517
6321215
6452801
6453571
6453824
6585665
6650688
6913346
6584634
6716221
6979400
7176524
7044683
7242062
7111754
7112266
6848839
6981195
6849608
6850376
6982217
6653252
6719045
6916163
6982211
7046977
6915391
6849598
7046214
7112007
7770449
7704657
7704403
7441745
7375953
7179851
7443023
7115081
6590009
6590525
6919490
6457659
6391866
6589752
6656826
6787898
7968337
8755811
6322238
6256445
6387263
6454332
6454844
6388796
6783044
6912832
7045447
6848328
6782536
6914122
7111501
7572052
7177293
6784069
6652993
6718784
6587968
6390335
6719300
7179074
7046726
7310413
7573331
7441746
7112781
7047757
7180105
6917700
6786114
6588984
6193971
7313734
6657079
6591286
6788412
6853436
6590011
6918964
6256449
6387777
6453570
6520634
6718270
6980425
6585157
6978376
7109703
6848582
6980168
7308880
7243087
7111500
7045961
6915141
6915140
6520637
6652732
6390074
6456382
6653761
6850625
7244614
6916418
7113289
7507792
7113550
7113548
6787643
8168275
7510604
6325812
6391605
6786871
6919229
6985277
6591026
6591540
6722872
6657080
6853687
8625240
6387014
6650441
6584902
6520125
6652223
6587200
6652483
6585414
6716234
6649672
6583364
6847045
6783555
7046727
7177033
6849599
6915904
6785600
7113542
7442509
7376461
7047751
7377230
6589245
6589243
6392373
6524726
6919744
7379272
7379527
6721597
6326066
6194480
6786626
6985791
6854205
6722358
6787894
6919478
6722609
6525233
6787904
6985536
6589756
8361821
6715720
6518855
6716488
6454590
6389051
6715979
6583879
6781511
7045193
6651203
7243595
6982465
6719553
6788158
6918981
6720833
6985028
5997101
6260273
6919998
6393654
6458933
6458931
6721840
7051574
6788660
6524993
6393921
6591040
8821604
8031071
8097373
6782793
7242582
6586436
6257980
7044685
6716743
6716742
6913093
6849094
6914363
6718013
7310921
7047755
6720061
6853442
6853188
6720824
7182407
6982201
6722625
6590016
6654777
6588468
6259503
6654263
6985537
6722619
6721603
6524485
6721348
6655810
8429143
8624987
8952676
7573071
7113041
6586945
6258749
6850372
7044169
6848074
6848331
6651462
7176010
7112013
7309388
7243326
7243581
6980933
6717759
6783805
7377484
6654008
7444811
6392891
6851895
6720309
6522930
6259758
6457137
7051068
6786627
6589762
6720834
7900255
7374421
7112011
6850879
6456890
6325303
6457404
6781236
6782007
6586427
7175749
6717255
6519103
6912323
7307082
7373648
7244350
6849090
6524216
6524218
6786355
6194473
6194218
6720564
8691041
7573332
6785093
6456381
6522689
6785346
6522168
6455859
6719031
7178835
8558696
7110201
6521152
6521407
6585403
7043909
6650435
6716996
6717251
6584895
6912063
6978116
7044424
7045446
7112509
6850106
6718520
6784316
6849602
7048518
7179335
6853426
6984757
6720054
6719540
6982967
7115320
6522922
6588715
6589740
6260520
6128680
6588976
8756826
9084262
8952935
8163927
6984005
6129205
6326584
6458170
6522682
6391096
6784826
6850615
6982454
6653747
6850619
6653246
6390849
6851145
6981194
7572054
6519872
6717249
6914114
6912830
6585663
6586173
6652473
6587192
7113544
6784832
7245128
6981956
7113536
7047739
7047225
7244604
7507008
6656047
6656302
6787633
6720062
7047998
6917680
6654508
6326059
6523183
7050550
7050297
6524722
6919482
6788157
8887644
7770972
7771741
7179604
7376981
7376722
7574099
6458430
6260543
6129211
6589237
6457651
6653240
6521399
6719033
6456882
6258741
6390588
6128186
6391358
6456896
6915401
7045199
6716481
7242056
7110979
6914630
6783552
6718012
6521146
6718525
6850111
6981697
7704894
6915395
6786864
6981692
7178805
7245112
6655030
6982709
6984498
6391597
6260272
7311674
6852403
6853171
6655792
6589999
8427608
9083752
7309899
6981958
7378251
6851909
6720323
6326837
6457662
6063665
6261041
5997355
6325043
6588209
6128172
6324789
6259511
6391868
6457661
6128184
6851140
6717508
7505495
6780997
6715712
6847039
7044418
6915649
6784063
6716475
6850109
6916919
7113781
7245106
6981934
6785584
6786357
6852911
6787886
7116084
6458159
6523444
6457398
6787378
7116598
7050291
6852912
6984243
6787639
7574863
6392632
6326580
6719795
6851123
6522412
6654255
6259244
6195253
6195512
6392123
6456635
6587198
7767892
6846784
6781246
6715453
6781244
6913085
7440446
7310658
6915899
6784567
6850360
7048756
7310899
7179311
6982962
6983220
6984751
7182130
6918450
7049521
7115314
8295270
8164446
8099929
6655539
6392628
6195251
6260787
6326065
6851630
6522665
6325032
6456876
6325290
6063667
6194998
6326073
7637075
8228196
6979387
6980670
7177274
6915385
7046202
7571263
7441215
7178557
7046971
7112764
6654268
7311160
7508539
6983989
7049266
7050036
7246645
6983728
6785587
6785333
7180088
7114548
6851380
8889182
8691551
7771472
6981946
6589492
6457906
6327088
6064171
6458413
6392106
6523177
6259752
6193704
5996841
6062379
6194485
6325304
6915902
8163425
6584629
6650168
6649913
6912571
6847800
6980156
7111995
7111480
6718778
6981178
6718006
7113279
6589498
7245626
6720562
6852142
7179833
7049013
7442491
7047733
6982963
6917169
7180342
7443513
7246900
8756572
8822629
6787124
6392113
6326834
6458674
6524720
6393389
6458154
6128166
6128427
6391344
6324534
6258742
7242323
6912824
6781238
6847031
7044410
7241789
6913854
6651196
6783799
6718521
6980923
7111226
6783544
6720056
6588470
7115575
6852657
7245365
7179572
7179827
7245874
7311666
6983471
6983475
8230998
8560727
6260527
6458927
6196010
6328108
6196265
6392875
6523947
6457899
6588462
6456619
6719537
6390829
6588208
6654002
6192942
6324273
6455351
6456889
7506771
6781519
7044156
6715445
6583859
6452273
6649652
6978363
6782528
6849338
6849852
6915130
6654261
6588723
6523185
7441468
7573308
7114549
7048755
7049009
7180850
7312436
6787119
6721585
8034899
7968851
6721078
6459186
6788665
6591287
6459192
6393400
6524986
6393399
6261803
6590768
6327596
6458668
6129448
6523438
6785588
6587954
6456114
6586934
6718523
6389560
6061109
6192949
6192948
6127924
6586690
6519621
7175508
6715192
6649399
6714937
6649144
6451765
6518072
6847806
6980421
7441729
6654528
6719807
6392885
6654001
6719794
7048502
6523953
6194734
7310905
7773009
6590772
6656306
6656053
6590515
6130475
6196268
6394161
6196529
5999411
6130742
6328121
6130228
6195506
6522158
6654510
6260266
6655278
6589485
6129194
6260781
6194479
5997615
5931822
6129201
6326326
6653499
6652730
6652477
6257719
5928754
5929523
5995570
6061362
6127925
6061623
6455359
6322750
8031064
6518074
6648891
6517819
6714430
7109956
6782014
6981693
6915392
7047486
6458425
6326839
6525240
6261813
6261814
6916916
7442744
6523952
6919219
7181385
7247177
6919991
6458929
5867303
5933096
6393393
6130482
6064435
6063926
6261305
6128947
6193451
6325036
6457390
6326574
6458160
5734189
5668141
5865779
6260025
6521913
6324535
6455353
6192181
5994802
6126386
5929776
5863983
5798191
5864244
5863222
6389311
6191418
6256698
6517566
7109962
6518335
6584381
6585149
6783046
7046473
6257974
6586426
6979901
6784318
6849856
6784577
6983495
6260278
6130996
6130227
6327607
6655538
6590513
6458421
6392119
6062899
6325049
6521914
5799722
6062893
6128941
6392367
6194988
6326320
6127670
6258233
5930037
6062132
6193203
6061617
5929517
6126894
6258480
5864238
5403433
5205545
5534002
5796920
6125885
6388543
6585918
6715718
6846790
6583618
6978631
6518080
6255161
6584896
6980680
6718276
6785347
6588737
6653760
6786116
7049799
7116863
6459447
6916412
6524724
6327854
6261295
6524732
6655040
6586937
6325557
5997361
6128433
6194226
6062131
6127416
6389566
6127163
5996853
5930545
5995569
5535273
5732138
6061103
6258482
5468717
5402671
5599795
6060346
6060601
5928500
5994547
6518341
6453062
6649925
6518594
6321724
6981448
7112780
7309898
6784059
6719554
6522944
6457149
6588221
6522942
6851911
7049290
6982986
6851654
6983752
7116360
6656308
7051076
6525494
6262322
6261552
6261554
6524213
6655799
6853950
6591547
6657340
6986305
6853951
6854719
7051584
6985798
6920519
7052358
6592317
6592570
6459193
6524985
6458423
6590779
6195248
6260533
6456629
6259505
6193710
6062124
5996333
6259250
6521654
6587447
6260019
6062894
5866284
5998127
5997365
5997111
5930811
5733432
5799732
5667635
5930038
5666098
5797423
5863984
5534765
5666351
5929777
6255937
6256192
6255931
7769937
7178573
7046987
7113028
7112520
6522174
6390842
6324795
6983240
6983499
6851400
7115338
7049545
6984775
6654269
6722612
6393647
6261807
6393138
6193712
7115829
6721326
6656310
6458420
6789180
6723901
6921282
6855234
6854465
7052098
6986820
7184456
7053125
6724413
6593079
6789943
6524223
6327861
6393146
6458678
6129460
6391859
6456884
6126896
6455606
5996592
5931568
6194744
6062903
5931064
5733685
5668660
5537074
5536053
5930043
5863481
5862967
5731891
5929268
5930546
5600811
5535018
5469225
5403687
5732906
5798699
6783048
6322242
6190656
6058812
6782522
7637583
6783815
6718792
6717761
6653507
6587714
6784579
6522175
6982726
6917702
7049288
7246667
7181131
7051064
6459695
6197037
6262575
6524467
6656565
6853685
6590517
6457652
7576120
7115569
7050290
6851887
6917423
7180341
6986045
6986814
7052352
6920513
7248455
7117377
7052861
6987582
6922046
6922301
6659125
6724404
6261560
5998642
6261046
6458684
6327353
6129719
6260791
6195249
6064175
6062640
5798445
5666605
5996339
5865522
5865520
5931313
5800240
5603121
5601844
5864250
5798204
6060607
5995322
5865012
5404202
5272616
5469480
5732136
5600805
6585669
6322497
6453828
6585156
6388031
6585143
6782777
6717762
6849862
6520383
6587459
6522180
6654021
6388286
6916679
7180619
6788405
6459954
6656819
6327343
6787892
6985526
6986039
6392630
6327092
6327347
6522675
7116083
7050805
6654771
6982702
7114034
6722879
6656832
7182662
7117625
6986298
7118914
6790203
6789689
6262328
6130488
5998903
6129713
6195761
5801001
5734698
6390582
6061363
5732912
5667888
5668143
5799982
5931308
5865514
5471528
5405996
5667892
5798970
5601082
5798462
5470258
5733939
5536047
5338923
5666604
5863724
5995051
6060330
5993791
5862205
6388290
6847547
6913340
6061624
6455612
6651456
6783291
6652219
6586684
6719293
6391611
6588990
6722103
6853681
6587696
6850869
6719790
6654251
6850862
7113779
6394169
6131260
6262592
7117383
6986051
6788927
6788672
7052091
6393136
6195767
5735210
6390321
5995824
5798959
5799729
5997874
5865769
5931562
5340197
5339689
5536560
5667639
5469750
5470266
5076276
5273909
5273648
5471281
5602353
5272875
5600812
5994798
6190893
6256941
5993022
6124863
6519876
6454079
6650682
6715451
6583867
6520380
6389819
6718016
6784571
6981950
6326573
6653489
6656571
6460480
6394432
6657341
7051070
6591807
6855489
6985784
6719801
6261044
6261299
6063920
5800748
6063663
6325296
5799213
5931826
5734447
5668909
5800493
5734697
5866283
5734700
5273388
5338674
5141554
5404471
5076531
5339702
5339442
5207855
5272879
5140521
6651959
6651699
6716722
6387778
6321985
7109441
6391097
6718266
7574093
6719286
6325551
6522416
6656579
6525246
6327098
6524224
6326835
6064689
5998382
5801003
5997869
5734702
5932340
5800754
5472044
5669677
5669158
5800490
5603630
5800500
5339695
4944684
5470260
5799225
5404981
5207602
5666871
5403700
5403185
6520373
6191146
6389034
6584642
6781766
6715973
6650180
6847807
6979133
6912062
6780476
6849084
6324026
6259002
6062393
6588978
6591039
7312181
6721602
6326844
6523969
6392897
6393140
6063412
5998133
5801009
5735216
5406505
5932334
5932589
5800744
5668904
5338927
5799221
5930807
5536306
5864505
5798712
5469492
5534771
5797168
5929005
5797158
6060583
6781507
6649919
6714683
6846270
6780223
6652220
6655533
6325298
6392383
6260797
5668905
5405733
5799976
6062634
5930793
5996847
6193717
5864498
5996084
5930291
5602095
5536302
5536559
5339181
5600552
5797929
6584387
6452542
6189368
6649666
6255670
6782268
6126902
6851381
6326827
6259764
6655809
6258996
6193457
5602597
5799207
5667621
6390575
6391091
6127664
5668400
5799986
5536814
5535787
5666345
6256704
6059070
6125118
6125116
6519870
6585912
6586939
6257972
6389558
6521144
6916157
6587961
6984497
6458921
6590509
6722099
6589247
6391350
6390327
6459700
5865508
6259497
6456368
6127917
6325804
6128425
5799462
5798952
5601575
6455861
5866033
5799727
5865267
5733426
5601842
5470256
5799219
5799474
5929515
6060844
6389041
6191662
6584132
6387523
6124608
6256963
5927484
6190911
5993530
6059578
6059319
6453310
6519610
6454326
6323254
6323765
6653754
6652985
7047235
6853679
6524714
6722095
6523963
6326071
5864753
6392377
6525754
6788926
6854720
6260013
6194994
6062632
6063141
5997094
6062887
6260011
5800229
5931815
5733928
6193718
5931315
5537323
5997106
5667633
5272877
5470509
5667373
6324016
6455088
7240515
7174726
6846276
6518339
6124097
6124354
6321733
6453573
7177039
8361568
5861940
6256953
6453056
6519102
6124852
6059568
6520887
6586680
6389301
6126129
6192179
6849337
5866537
5865000
6525500
6591293
6327606
6262068
6195502
6327345
5998896
6196014
5998376
6129703
6064428
6129195
6063402
6063655
5866531
5603873
5800483
5800999
5734443
5930805
5668650
5603111
5931307
5866029
5733936
5338668
5404465
5536051
5404974
5339180
5404969
5667882
5535780
5667366
7173954
7503689
6912069
6190144
6124351
6190401
8690018
6255669
6715967
6321723
6454840
6520891
6522428
6654530
6261548
6327600
6327341
6195241
5799460
5404449
5930540
7642952
7642697
7117116
6853189
6524477
6327868
6525247
5933363
6129968
5867310
5998635
6459440
5933351
5867558
5999403
5735978
5932077
5866792
5735717
5735459
5800997
5537827
5536810
5536557
5865261
5800230
5536804
5471526
5602350
5470767
5273649
5339188
5405235
5207076
5601834
7239754
6911301
6059066
6256700
6388025
6453048
6518841
6781499
6716220
6518849
6452548
6649927
6321470
6388024
6322485
6323767
6654014
6589248
6260283
6391869
6524206
6128934
5537058
5010975
6985271
7050313
6787396
6590017
6392637
6393908
6261051
6260282
5997879
6064173
5998123
6196021
5733681
5996598
6062646
5669676
5669417
6063408
5602348
5668145
5404973
5733428
5865775
5537319
5273395
5273140
5601333
5666612
5600819
7108171
7503697
7240780
6125367
5862450
6059313
6387764
6715961
6254914
6386755
6452546
6585404
6453818
6521405
6060595
6785079
6260280
5997619
5932081
6523709
6327082
6261544
6721071
6457392
5273377
7179064
6525493
6262074
6196028
6261052
6326075
6129466
6129455
5997609
6128692
5996600
6062391
5865525
5865524
5471789
5866288
5799468
5668654
5602861
5208358
5208103
5141293
5207088
5272881
5600309
5665588
5731127
6978123
6256191
6190909
6060093
6125112
6388278
6453812
6388019
6585398
6453303
6387510
6189121
6320707
6324028
6126647
6390328
6916662
6391858
6127658
6721325
6590254
7048247
5932848
6196281
5998649
5998141
6063932
6063154
5733934
6128694
5997110
6194490
5667368
5732645
5995817
5864745
4683043
4682528
4945700
5011493
5010216
5273134
5404463
5535279
5600303
5796914
5730354
6058805
6780743
6454081
6256702
6256439
6650936
6256433
6322226
5993006
6190131
6386500
6584134
6586430
6783809
6588735
7244603
7441213
7243836
7178043
6260780
6390830
6786349
6787118
6524979
6196020
5932856
5932348
6195259
6391599
6194220
6193965
5668135
5470762
6061101
5863974
5863973
5930021
5798693
5602603
4814628
5011238
5208617
5207849
5273387
5601840
5469486
5731630
5796911
5730094
5926704
6516802
6517571
6584635
6124083
6716215
6978890
6653236
7376443
7113017
7047224
7113018
6589739
6590507
6393130
6524461
6459182
6918704
6917935
6325806
6195258
6588717
6325545
5997608
6194987
6063401
6325543
6391338
6193450
5865515
5603104
5537572
5537321
5471017
5995814
6192677
5864228
5996072
5798705
5666866
5798451
5535280
5534510
5468972
5863216
5665324
5664810
5533224
6255163
6123830
6189629
6651966
6784313
6587188
6915900
6524975
6787372
6984237
6786604
6916661
7047478
6393134
6193959
6193957
5669411
5340448
5274657
5472038
5866023
5864481
6127139
6258470
5798435
5996331
5931054
5733420
5469994
5469740
5732144
5600558
5731117
6256947
6124845
5927721
5796390
5927226
5927480
6124859
5992765
6058558
6255167
6586175
6256957
6124606
5926712
6190138
7045180
6456120
6983726
6785837
6917170
6916408
7970896
6262061
6392881
6195757
5932330
6063916
5537318
5537064
5603114
5472297
5406759
5999149
5669924
5472287
5800224
5601818
5929760
5732900
5273130
5536049
5732397
5666598
5995563
6192687
6126383
5994029
6059052
6387503
6453036
6386984
6321700
6321730
5929015
6323773
6520897
6126139
6519617
6255677
6519864
6651705
6194740
6784822
6261550
6130221
5405228
5537582
5209125
5407013
5603877
5472545
5340701
5339673
5338903
6259240
6061610
6062126
5470513
5667637
5469473
5601059
5863720
5928744
5730342
5861673
6123817
6321195
6255398
6387239
5993277
6650428
6322493
6454336
5994553
6192187
6258235
6191672
6717243
6651450
6455349
6980917
6849845
6784053
6520372
6326076
6785861
6654275
6258488
6522161
6850872
6785075
6328890
6197561
6065463
6655786
6261542
6327851
6328115
7051577
5801771
6129964
6587697
6850354
6390318
6127149
6193463
5865014
6062650
5997625
6063673
5734707
5602850
5339678
5602336
6192430
6324020
5471288
5797931
5797672
5731111
5796904
5861928
6059054
5795882
6650174
6452795
6586176
6323003
6585922
6783301
6520633
6981432
6915378
6784047
6652720
6652467
6127156
6654516
6653490
6195759
6263097
6065976
5999670
6918190
6459176
6459691
6393644
6459701
6722873
6393907
6525747
6723126
6458939
5867055
6390066
6324271
5865016
6128957
6063418
5735222
5669168
5404710
5339171
5536550
5799721
5471525
5733929
6127410
5996857
5668921
5470774
5733173
5797682
5929009
5863214
5600040
5731625
5402661
5336613
5862961
5271340
6124091
6189884
6058043
5992250
6123836
6190137
6124344
6257471
6454083
6191164
6389305
6389821
6850107
6324281
7047485
6652466
6586673
6718260
6586935
6259772
6194236
5865271
6193979
6128696
6062901
5930799
6128439
5931318
7509560
6722354
6328114
6196528
6130736
5932849
5932595
6259510
5997108
6128178
5668914
5668915
5866294
5603375
5405737
5471271
5339431
5142052
5010466
5273383
5405482
5536555
5734193
5404720
5470001
5732405
5665843
5600305
5404201
5076004
4944420
5338672
5926972
6387008
6321209
6191425
6125632
6388797
6523197
6456375
6259256
6193981
6193983
5930809
5602099
5864752
6391089
7246134
7377974
7378229
6129456
6063158
6065457
5604652
5538860
5735730
5735477
5472050
5668396
5404716
5602607
5798452
5600564
5272108
5404971
5207341
6255416
6386747
6058552
5795126
5729847
5993019
6124345
6058551
6583865
5862975
5928767
6257986
6060353
6191170
6519366
6651715
6457151
6652728
6325563
6325818
6128697
6062395
5931325
5668407
5471027
5997880
6061871
6391083
6788147
6656816
6392620
6526008
6129709
6262582
6262583
6328376
6326330
6129966
5933618
5736238
5934640
5802799
5539629
5407533
5473073
5537843
5603381
5931832
5274918
5340711
5405735
5273638
5798190
5602342
5339940
5731889
5863475
5797937
5468719
5205292
6255930
5992758
6321977
6387256
6518842
6192193
6323779
6257218
6847304
6323264
6652229
6783554
6917704
6391615
6455614
6193977
6523454
6260537
6260544
5997372
5800246
6129465
6522669
6522924
6983473
6456622
6788402
6460729
6592315
6526522
6723133
5998388
5801263
5933871
5934126
5670699
5473067
5669937
5669429
5472298
5275688
5275687
5209380
4945439
5470503
5930285
5797676
5601320
5274147
5208354
5207331
5338409
5403693
5732659
5665074
5664820
5927474
6190646
6322232
6124084
6257725
6060862
6454851
6323763
6457916
6391852
6459961
6394938
6263863
6198069
6263091
5932587
5866541
5931572
5931317
5734199
5076784
5143346
5340978
5407535
5342507
5276967
5013538
4881438
5406245
5602089
5667113
5732652
5469995
5339939
5208353
4944169
5141548
5141036
5206320
5205812
5534524
6125625
5928245
5862195
6189877
5861691
6387770
6060860
6258239
6193216
6192446
6653238
6522683
6326313
6329145
6395449
6066226
6328884
5800236
5997870
5799731
5799992
5537590
5471795
5472305
5604144
5539368
5407782
5604391
5603622
5405478
5601581
5800491
5274146
5142818
5405234
5208109
5010730
5009962
5404467
5403703
5337911
5534257
5730866
5598768
5926965
6124355
5993283
6256710
6125378
6124853
5995067
6126908
6127677
6389813
6324275
6126641
6390589
6720068
6128687
6523201
6459962
6129458
5932079
6063148
5602343
5668390
5405224
5340203
4814120
5208370
4879151
5141809
5207856
5470766
5338670
5206829
5796149
5730101
6058813
6255940
6059331
6191171
6322491
6322746
6453817
6324542
6258227
6324796
6128686
6916153
6587445
6128951
5864486
5798438
5930024
5537576
5405990
5274149
5537068
5077547
4616486
4945198
4878637
4944430
5272615
5272101
5664563
5796151
5664565
5796921
5928507
6125371
6190907
6322495
6257472
5995061
6323248
6520627
6848823
6519603
5865786
5800253
5866814
5866555
6192695
6193210
6323762
6258735
6258989
6325037
6456623
6192689
6127919
6653766
6851913
6917959
6851377
6785330
6653493
6719029
6587700
6195004
5800495
6194750
6128958
5932087
5867049
5670185
5144102
5407274
5538090
5076778
4682534
5143085
5143340
5010984
4747812
5076523
5337647
5337133
5139752
5600044
5533732
5468193
6320440
5926966
6190652
5862714
6191932
5665328
5665582
6060083
6125622
6059839
6060092
6257970
6389555
6191407
6322994
6717752
6257461
6323512
5799993
5274677
5669435
6325565
6455098
6717751
6521395
6258732
6258731
6060593
5994800
6916424
6916938
6654534
6720580
7180595
6653997
6523692
6521907
6063672
6192440
5863730
5931578
5997886
6327106
6195773
5867564
5604386
5604900
5735977
5538599
5340452
5472812
5998641
4945192
4682279
5405488
4616226
5010470
5141289
5337900
5271854
5139754
5468203
5468456
5534504
5995055
5797419
6125614
6322740
6323001
6454077
6059323
5861944
6257208
6125876
5862704
5928497
6323255
6190899
6716984
6651191
6061884
6062138
6259517
6128443
6388794
6651958
6718259
6455341
6719283
6719559
6785352
6786120
6523715
6193447
6061865
7049776
6061877
5932086
6195518
6064442
5867570
5538859
5472805
6064943
5603112
5602857
5076517
5010985
5076009
4878630
4878629
4813605
4945445
4879138
5141801
5207086
4877868
5206578
4943406
5141040
6648382
5664816
6323508
6059574
5927733
6453557
6255924
6257465
6125879
6454580
6455873
6192701
6126649
6061370
5865018
5996602
6323258
6521142
6455348
6389809
6257962
6127146
6324525
6917193
6918220
6721094
6523455
6982701
6261034
6195496
6587951
6918705
5866802
5604398
5408043
5802031
5734955
5339942
5009707
5273896
5010979
5076008
4878891
4878127
5141301
4944436
4944945
5076530
6648897
6714945
6846530
6387002
6058291
5927988
6125624
5994036
5928243
6321971
6650675
6387249
6320693
6256184
5996078
6060856
6257210
6191922
6191668
5995577
6061115
6454589
6192956
6456128
6324528
6655562
6655302
6196275
6852140
6654506
5998372
6720048
5933617
5736239
5868084
5473581
5341999
5472559
5274659
5011746
5077539
5143079
5471021
5207594
5076777
5274410
5340972
5078568
4946984
5471535
5404208
5074989
5272622
5207082
4944418
5207592
5008941
5271860
5272117
5272626
4879398
6452287
5861942
5993528
6650421
6124331
6321457
6320695
6254908
6061099
6126394
5863991
5403954
6192448
5666865
6062385
6654532
6720841
7115083
6720556
6129958
6390068
7181107
6458153
5736500
5802293
5996338
5537831
5538345
5604659
5801270
5864492
5537837
5339178
5078054
4947495
5012777
5207595
5009705
4812071
5140522
5009189
5338408
5075237
5272107
5468978
5666102
5139758
5074475
5009444
5141283
5927737
5730358
6320954
6321463
6715706
6518327
6057521
5728558
5794610
6519096
6190385
5993267
6058298
6189374
6191154
6585657
6059325
6257211
5994808
5797943
5862713
6126400
6191939
5994814
6126655
5995063
5930031
6127155
7443537
7706709
7838802
6064679
6458923
5798960
5998902
6129974
6194489
5866547
5866286
6064181
6194232
5669423
5208872
5143333
5339944
5733159
5864231
5732899
5404188
5207839
5010211
5141799
4878372
5009703
4680993
4614945
4483361
4943657
5403440
5599535
5599789
5599531
5468199
5994299
6189362
5926190
5860144
6057268
6453049
6190391
6059829
6256438
5993266
5927473
5796657
5796153
5993792
5796413
6323518
6520643
6520644
6061121
5863997
5535286
5666357
5863477
6455094
6586165
6258478
6521141
6784314
6586420
6521652
7508816
8035414
7707216
5867056
6129962
6261289
6653744
6653998
5734961
5797927
5797411
5863714
5930274
5864994
5274151
4945186
4813600
5009443
4877857
4812579
4746786
4549154
4812326
5074729
5336617
5533739
5927213
5271346
5929021
5861946
5993273
6059321
6059060
5795633
5729587
5860919
6388284
6323004
5993520
5796141
6059059
6124605
5861179
5861436
5730105
5664567
6651969
5798198
5469747
5929784
6191669
6256692
6454834
6586674
6520111
6717745
6651952
6651697
7838034
6063662
6064942
6196782
6262321
5538352
5340973
5274156
5470254
5733430
5731883
6257201
6059307
6059815
6258472
6127653
5733922
5471530
5077286
4616480
5141797
5074976
5140769
5272869
4878625
4681250
5010215
5141802
5075498
5337131
5665325
5992752
6058031
5665335
5993012
5730356
5664055
6189876
5797429
5666104
6125886
5928506
5796402
5730348
5993020
5795898
5995831
5667380
6257462
6454071
6126388
6980664
6980662
6783283
6914869
6914871
6981685
6591023
5865006
5536041
5668136
5274926
5406771
5406257
5536567
5602360
6060848
5799201
5010977
4681759
4943904
5075231
5009952
5273124
5076259
5598508
5597994
5992244
5728825
6188860
6518588
6321717
6255663
6124847
5862199
5731642
5731388
5730874
5796147
5664301
5795641
5598262
5861433
5993532
5994290
6063910
5997872
5733675
5011499
5340209
5406002
5012013
4880428
5274679
5208117
5668406
5929004
4749089
4944673
5470764
5272361
5074214
5073959
5205031
5926451
5927219
6123575
5794102
6123067
6452540
6191160
5993785
5994046
5861681
6190399
6719791
6194727
5667627
5603116
5011244
4946221
5077045
5406251
5141538
5469989
5405732
5208866
5077540
5470757
5404964
5142565
5010724
4944931
5206054
6123569
5795380
5663540
5926457
5993781
6058037
5992759
6059831
5994038
5929270
6522415
6522946
5997100
5668907
5404461
5339703
5406265
5143603
4552744
4684069
4618019
5339176
5601580
5010205
5010206
4878366
5206822
5141030
4944165
4943910
4878117
5074982
5074468
5139491
5205284
6123824
6320956
6189115
6057788
5729848
5664308
5992505
6320960
6057790
5993526
5794351
5927735
6124598
6125875
6126133
6521903
6718774
5932076
6325822
6391103
5735470
5537328
5734708
5602352
5339170
5206823
5601326
4945714
4814638
4486182
4683814
4420640
4748836
5535533
5863469
5534757
4878619
5206815
5272610
5337894
5403432
4943912
4877349
4943142
5205800
5336870
5533992
5665833
6320687
5860652
6386239
6189376
5991997
5991995
5795894
5991228
5794618
5861172
6189623
6386488
6254132
5991730
6057523
6454587
6454841
6587443
6456365
6457131
6851376
5536549
5536290
5667876
5733161
4812583
4943914
5206568
5666090
5271585
5272608
5338401
5732391
5403171
5337380
5337639
5666096
5008936
5271593
5205286
5204773
5665578
6386227
6254641
6188593
6254647
6452032
5794871
6123577
5991227
6057274
5991989
6386741
5929007
6192434
6455602
6325056
6324801
6390080
6981431
5932585
6785583
7115057
7312691
6262830
5273632
5405218
5470756
5536296
5207590
5339685
5208099
5468458
5534251
5534249
5468711
5666343
5140007
5336872
5270824
5402410
5073445
6516792
5990960
5925167
6122546
6188854
6188601
5925688
5859641
6320446
6188600
6122807
5991221
6253624
6122038
6057015
5860405
5927727
5861675
5860912
5926196
6258223
6520880
5996586
6127417
6588970
6392361
6328368
5733166
5076768
5076513
5142563
5141544
5142306
5535788
5468964
5862957
5207337
5271077
5205027
5467431
5598762
5599023
5533487
5925682
5794096
5859895
5925434
6057529
5925428
6056500
5663024
5663279
5729840
5665064
5533477
5664302
5663794
6123322
5796659
6060590
6520881
6389295
6193209
6521904
6719282
6324782
6259243
6457129
5338154
5141029
5338662
5403179
5731375
5600297
5336359
5730613
5139760
5205553
5269805
5467184
5466675
5466676
5664054
5532977
5401136
5663030
6319417
6188340
5991214
5466408
5598509
5730609
5664561
5928760
6324034
6388787
6586166
6194982
6588205
5997862
6064169
5734951
5931060
5471275
5078570
5210158
5275186
5601066
4878627
5140782
5469233
5535019
5534512
5402163
5204784
5336623
5665334
5467956
5532726
5663803
5729343
5729597
5532217
5466933
5599027
5533488
5533234
5598772
5532471
5663800
6123316
5992492
5664296
5467176
5795888
5795379
5730867
5599281
5995069
6455620
6257969
6389556
6326568
5932069
6064682
5801256
6195755
5339950
5602867
5075751
5864245
4880936
5209904
5472564
5666859
5338161
5535540
5535794
5533748
5270577
5468209
5466678
5598010
5794879
5729086
5860925
5861173
5862443
5532461
5532975
5468725
5403699
5732919
6060336
6059822
6717498
7443767
6064937
5933103
5734453
5536820
5405743
5470248
5865255
5140775
5402924
5402926
5206067
5467694
5599280
5796660
5927992
5795386
5663291
5729586
5532969
5861680
5992498
6058290
5861426
5271599
5469487
5732398
5995316
6060082
5994289
6848570
6388786
7309627
7113271
6982195
5998889
5801510
5932842
5998380
5339949
5603122
5339435
5732664
5207845
5996071
6193196
5403947
5142062
5142316
5273902
5206314
5337386
5533996
5336363
5271085
5140527
5009454
5860664
5860150
5729333
5401389
5532979
5598261
5861434
5467182
6124592
6519350
6386996
6189617
5532201
5862703
6192177
5731636
5600050
6191417
6257715
6456110
6127400
6325033
6652981
7179574
7114802
5931816
5931048
5471536
5471289
4944683
5537329
5142310
5668644
5337887
5208625
4942373
5729325
5663532
6452279
5794612
5598770
5335598
5401391
5466929
5532469
5598515
6453043
6254894
6123308
5991722
6321456
6125615
5994028
6125869
6257455
6389047
6060086
6456111
6061352
6652727
6850868
6456618
6390064
6916147
7311667
6982448
5798954
5471783
5602875
5274418
5405742
5077800
5010720
4812573
5404455
5274416
5600042
5665835
4876835
5008935
6057782
5729072
5860403
5861687
5467186
5795640
6191415
6584375
6124078
6189870
6058284
5928235
6059821
5862707
5731121
5930278
6127657
6324779
6127403
5930538
5733167
5669415
5670184
5866794
5801517
5209126
5995830
5601072
5012008
5274163
5275173
5340966
4879652
5338917
5338403
5337378
5468453
5731371
5665837
5533742
5467949
5532987
5598264
5663546
5926202
5926198
5597486
5335855
5532207
5467695
5401901
6124338
6189871
5993261
6256178
6191408
6256431
6322224
6125106
6389048
6061864
6258986
6192679
6324524
5797684
5340458
4945954
5340211
5208116
5142824
4681251
4484640
4814114
4616219
4944927
5404963
5601573
5402406
5139493
5336109
5336376
5533755
5729596
5531960
5728823
5729326
5401129
5204522
6057784
5860911
6190645
5993259
5927468
5861934
5469734
5996839
6652975
6521134
6061356
5603365
6326567
6129189
6783030
6127654
6982193
7442746
6193446
5930785
5931555
5734437
6193193
6127145
5665071
5273892
5273642
4747044
5208884
5537588
4746790
4747298
4879393
4879391
5270315
5008435
5336630
5533240
5927982
5402152
5336878
5467441
6451772
5599278
5271338
5796650
5665063
5928750
6192938
6718513
6652213
6784816
6784814
6916655
6061860
7376951
6258725
6324772
5996576
5996833
5734183
5864747
5995310
5600550
5535012
5404194
5207585
5141792
5077037
5012018
5275189
5604150
5142056
4748066
5402156
5206324
5795627
5664294
5270566
5270570
6253879
6319925
5664047
5994293
5599785
5730856
5796649
6321462
5993775
5797164
6126384
6322993
6061353
5995559
6390825
6521642
6850609
6192939
6587176
6586921
6849839
6784561
6719021
6126884
6390311
7047986
6587182
6586667
6587690
6391334
6260005
6455857
6192176
5535527
5929770
5928743
6060329
5666341
5469219
5404196
5668146
4683048
4815406
5144626
5341490
4880675
4879907
4682273
4748582
5077031
5075502
5599532
6122036
5073191
5665073
5730857
5532455
5992497
6190640
5863212
6257709
6323501
6390317
6521389
6521128
6718253
7047218
7113011
6916400
6587435
6520875
6783538
7046457
7047988
6916402
6719023
6324265
6324263
6718768
6325286
6194212
5930552
6391362
6391360
5208356
5538091
5994790
6126122
5732134
5863977
4749350
4618021
4486435
4749607
4946729
5143594
5142570
5011754
4945706
4748327
5077292
5208363
4746531
5796910
5532715
5467437
6122293
5926705
5928236
6585651
6454065
6321964
6585136
6651444
5929790
6258500
6521672
6521413
6191915
6257708
5994797
5863211
6126637
5995306
5733414
5733669
6192685
6587437
6915638
7243829
7375415
7112757
6981425
6655271
6458407
6260774
6521650
6457384
6388527
6782775
6979640
6981171
6586159
6260775
6455596
7376183
6259493
6391591
5867316
5667374
5798966
5798692
5666594
4879646
4879901
5143073
4945191
5403694
4680997
4944423
4943651
5271846
5469226
5795118
5598001
6056243
5599017
5861420
5796396
5860658
6388017
6387758
6847537
7109939
7044661
6126916
6390345
6587204
5929766
5995560
5928997
5863459
6849840
7112503
7177782
6783792
6653230
6721065
6589732
6655780
6523685
6392100
6523175
6654761
6325541
6062373
6784052
7046710
6849331
6915892
7046964
6784306
6457408
5406504
5472552
5929252
6323755
5930298
5929767
5929507
5010213
4879389
5535798
5601078
5075496
4812330
5272368
5207084
4877603
5337640
5337125
5663285
6254386
5990961
5861166
5729834
5927207
5993000
5795112
6058545
5532208
6453296
7043892
7175733
6716468
6191926
6192442
5995836
6127423
6127169
6389827
6521411
5995308
6454320
6191916
5863465
6063395
6391846
6391079
6259239
6587944
6324771
6258978
6060838
6717490
6849076
7440960
5865253
6323496
6257448
5864739
5667106
5469728
4747043
4550179
4681765
4812837
4944422
4879405
4944944
4812324
5206315
5140261
5271332
5860409
6124586
5860905
6518835
6912820
6847539
5535782
6850093
6587174
6389795
5863967
6061091
6324010
6127911
6062118
5996578
6325798
5864759
6060591
6323502
6061861
4747305
5010477
5010223
5732658
5927227
5795887
5730603
5926959
6519605
5470242
5272863
5864485
5930279
6126892
6520874
6327337
5798946
5864992
5931295
6194720
6589478
5601587
5667119
5141291
5138730
5467955
5664312
5730619
5664826
5731118
5664555
5796406
6064165
5733938
6655018
5667126
5075999
5076006
5208364
5270837
6385972
5336116
5468470
5534518
5466668
5532716
5533485
5336868
5599270
6257200
5795119
5862452
5336369
5927739
5730864
5731626
5994536
6653228
6390056
6061607
5209634
5998378
6390826
5405471
5405986
5338415
5534500
4682014
4813859
5273385
4813598
4682267
4616474
4945453
5406004
5469493
5403704
5206071
5073696
5928496
5730095
5467946
5994039
5599542
5270316
5073706
5402665
5797418
5732388
5600802
5862442
5994543
6192932
5866796
5603883
5604653
5602851
5471265
4945953
5076772
5206047
5666086
4682782
4878884
4813091
4813345
4616989
4748574
4945451
4946220
5142830
5009958
5403193
5401899
5729580
5663787
5597739
5337139
5402930
6058799
5991728
5468723
5270830
5863722
5666595
6455849
6522150
6325794
6589225
5997602
6062371
5142063
4945182
4288031
4616996
4682019
4942882
4944677
5532722
5336360
5466922
5531947
6122034
6188336
5534516
5534755
5929258
6389289
5996831
5931040
5932579
6389294
6455087
6193724
5867825
5341734
5538598
5338164
5732922
5470519
5734200
4354078
4617250
4746017
5007907
5731628
5403426
5797174
6059832
5335596
5269803
5598756
6386486
6452019
5403173
6391336
5734176
5932583
6258217
6257703
6651183
6980148
6717999
5799969
5931046
5275680
5868072
5604131
5601846
5470005
5337906
5338678
5076767
4880422
4878620
4746780
4877343
5665572
5599033
5270583
5533501
5598248
5927976
5138984
5861414
5730597
5994283
5866790
6191909
6519852
6716976
6520620
6588204
5472034
6064949
5999672
6262316
5538852
5603624
5142571
5404726
4812827
5339425
5142560
4615962
4747803
5075998
4747034
4812318
5074467
5468966
5337121
5139746
5076016
5337137
5534263
5336636
5008184
5664041
5270058
5532981
6388272
6190379
5663526
5401122
5532194
5862189
5665318
5862697
5798184
5471011
6324518
5668129
5868086
5339441
5076263
4746525
5141024
5075490
4353308
4550687
4551456
4419362
4748072
5142832
5010991
5403191
5271097
5204774
5138729
5598774
5862460
5335600
6058793
6190124
6518582
5729319
6124077
5335336
5598501
5663780
5600039
5731879
5862951
6060076
5798181
6193700
6062114
5732642
5735206
6064695
6652969
6324004
5077794
5274665
5274157
5140508
5271840
4615457
4747813
4748835
4683812
4486431
4552226
4486178
4551463
5011246
4549672
4812589
5009199
5008945
5468986
5732158
4877610
4680231
4679976
4942381
5139252
5664827
5927999
5335861
5598519
6518836
5401891
5401892
5467170
5597733
5402663
5929262
5534759
6128164
5996325
5997603
5735200
5797921
5469215
5274404
6916141
6588198
6325796
4946214
5535026
4812832
5403941
5206562
4681501
4550942
4551971
4419617
4484641
4878119
5206061
5140268
5009450
4878129
4745774
5272118
5731897
5599288
5467447
5204275
5531946
5336099
5270306
5796135
5532710
5533230
6060340
5797421
5798180
6128419
5866016
6195235
6390058
5340712
4943650
4615980
5010483
4483885
5141560
5862453
5599541
5270576
5401644
5466923
5138981
5599271
6389803
4946468
5338419
5208611
4813351
4877864
5075243
4615966
4747552
4418079
4483618
4682789
4749862
4618791
4486181
4617256
4944937
4943396
4615719
5075761
5009709
4747565
4945459
4945461
4419633
4814391
5336108
5336106
5402918
5601073
6850607
5469987
5143332
5274919
6849592
5866039
5272114
5208623
4813087
4945184
4747807
4747558
5075755
5075500
4483872
4551203
4485924
4880939
4814634
4813865
4746537
4943920
4879144
4419109
4813612
4550187
4879152
4944175
4878123
4813875
4683059
6125892
6192454
6125114
5467945
5468464
5401393
5140260
5337392
5140013
6586927
6064434
5867317
5801015
5603383
5865785
5603369
5209386
5075236
5141295
4879658
4353579
4945208
4550705
4353061
5602614
5009968
4811820
5206575
5400875
5994561
5994820
6061380
5598254
6455851
6521644
6390565
6456358
6128162
6127907
5801524
5272113
5206308
5533738
5077553
4420142
4879670
5075506
5074738
4745773
5140785
6320948
6584628
5730089
5205282
5597747
5467692
5204777
4943148
5337901
5535285
5402153
5931301
5798689
5601313
6981426
6784555
6324512
6390305
6259233
6193186
6849846
5075745
5930532
5732896
5929505
5732668
5337653
5140528
5272355
4549925
4615972
4812836
5271847
5011505
4880432
4748592
4353834
4419627
5339956
5272371
5008946
5206325
4943667
5273401
4813618
4682287
5077300
4681003
5206833
5730087
5206321
5732665
5930044
5402660
5928246
7113012
6850348
6324257
6456098
6587943
5667874
5667360
5338148
4879134
5732411
5009438
4877082
5666852
4877350
4877858
4550434
4550693
4287782
4419368
4617002
4484902
4682281
5207347
5337910
5272632
5009460
4353067
4748080
4814128
4682542
4353577
4352807
4812844
5731389
6125361
5992238
5401130
4811817
6057261
5336884
5929529
6915124
6850099
6455082
5535009
5535266
4945435
5273886
4813081
4944159
4811289
5271583
5008166
4747304
4748074
4353316
4682020
4879913
4550440
5340217
4484908
5076270
5205814
5074220
6386233
6583358
5335845
5598503
5466917
5467684
5271079
5401648
5008168
5271344
5928253
5994300
6390572
6192424
6191910
5339679
5273118
5272094
5337633
5076269
5141791
4944412
4287515
4419871
4616741
5011507
4747819
5927998
5533495
5731381
5337907
5532708
5139505
5007919
5138990
5204269
6060069
6454827
5863204
6127392
6192169
5733667
5536035
4943898
5075229
4878890
5009697
4748321
4813606
4813097
4615453
4287256
4287770
4419870
4813358
5865022
5335851
6322479
5401383
5073965
4942126
5073712
5139251
6256686
6257194
6126376
5799199
5996061
6127393
6916139
6784046
6323495
5602081
5470497
5601828
5273378
4814368
4880421
5008674
4746272
4943645
4879660
4551457
5074722
5601336
5601079
6060106
5534016
5402162
5007658
6190638
5139238
5074481
4876847
5073197
5600548
5272349
5141022
5994537
5733153
6389542
6981164
6783532
4877597
4811550
5206817
4943390
5139999
5205794
5010476
4878121
4682540
4353055
4550948
5730886
5665602
6060099
6584889
5402416
5468454
4876588
4876586
5205037
5271091
5075484
5338142
5469216
4812328
5600293
6060854
5206053
5140515
5009183
4943136
4680740
4745503
4943403
4943661
4812065
4878376
5731895
6651729
6388296
6388035
6322231
5401638
4745502
5073451
5139499
5073961
4943149
4877102
5205792
5403680
5732387
5601820
5403935
4812834
4942375
4876841
4615458
4747041
5074739
5009713
4484647
5468476
5140274
4746541
4353575
4748842
4946475
5209387
5798715
5666875
5533749
5665849
5402932
5074734
5074735
5403446
5206044
5993769
6059560
6388780
6126886
5996068
5602590
5470750
5535520
5929513
5140254
5073188
4549411
4614947
4747039
4942895
5075508
4747566
4748335
4879921
5010738
5207608
5075000
5140023
5337400
5271605
4680748
4354088
4289062
4355110
5733438
5075767
6320434
6848054
5600572
5271607
4943143
5074728
5600311
5009196
5008682
5468962
5599525
5404212
6388533
6126123
5862950
6191141
6453289
5927715
6453804
6387757
6124585
6125353
6520366
6652206
5667102
5601056
5996345
5140001
4680218
5008421
5139244
4615204
4549158
4615447
4747033
4418092
4418860
4484910
4616494
4549926
4876849
5140021
4551462
4617255
4484900
5471034
5010744
6911797
6649650
6781489
6715953
5862974
5665595
5729573
5533478
4746024
4942634
6322734
5731364
5665311
6256933
6388519
6388520
6256680
6650930
6519089
6454573
5928490
5665832
5599778
5799478
4877850
4615194
4679970
4483871
4680744
4418074
4549152
4813111
4484657
4879666
5012007
4945961
5009715
4943153
4746278
6452269
6518574
5663793
5466414
5138727
5860136
5860391
4942120
6254902
5534247
5993514
5468707
5797666
6191655
6454318
5995300
5008172
4615718
4681512
4681505
4680224
4745510
4681248
4484126
4812334
4549662
4483359
4746543
4746804
4681271
4615477
4550192
4550954
4683557
4815143
4550186
5075247
5273910
5011252
5401902
6058285
5925929
5598000
6189107
5532963
6389548
4877852
4681772
4615979
4747051
4549156
4418076
4943643
4614692
4614696
4943922
4878390
5009466
4812856
4681779
4814381
4880174
4616488
4419372
4683314
5143864
4814126
6780219
6713910
6648625
6518064
6123055
6386226
5402146
5731365
5926445
5007913
5467939
5994276
5731873
5667107
6060324
5731618
5601310
5535002
5995553
6323749
5995298
6454579
5469470
5338141
4484132
4548892
4681246
4418333
4484386
4549664
4811048
4942379
4745516
4877359
5140532
4878388
4944183
5009976
5009974
4813867
4288041
4486188
4552750
4683822
4879919
5204520
6187566
6911030
6582573
6584367
6517813
6188335
6385969
5665571
5270313
5994531
5601314
5995045
6323241
6061093
5732126
5732381
6586413
5862181
5994022
5208092
5405472
4614686
4680479
4878111
4812064
5008688
4877360
4943152
4679980
4877613
5074992
5271609
5009206
5011760
4617513
5468216
6715191
6056749
5990956
6780981
6715954
5990957
5860397
5534246
5862183
5597734
5663527
5729320
5925935
5663018
5795880
5666849
5600801
5862945
6125348
6059301
5928229
5928483
6322726
6520105
6585899
5600540
6192163
5927968
6454312
5864482
6456357
6322473
6519336
6389288
5405725
5274655
5271074
5271075
5139489
4680738
4549919
4942640
5139766
6584120
6649658
6452281
6123314
5466662
5531940
5926698
5728556
5204523
6126631
6059555
5535008
6520106
6651438
6454059
6585384
6453286
6189605
6387497
5863712
6126116
6782508
6453543
6848301
5271587
5797919
5403930
5404957
5340193
5142814
5138980
4548893
4811810
5074208
4942875
4811563
5205806
5140019
6125100
6255917
6716214
5335329
5467685
5728819
5204265
5270062
5599779
6191148
5731128
5336867
6453810
5535521
5403934
5862690
6255910
6584622
6649907
6060830
6455590
6455081
6651691
6322727
6717485
6257702
5664802
6059562
6256939
5337630
4746271
5403423
5008665
4942642
4877096
6452781
6782255
6781746
6319921
6451254
5794357
5335347
5795113
5204512
6058792
5205298
5402423
6191401
5602083
5404704
6058538
5927466
6322218
6783285
6192416
6324002
6652460
6125862
6191395
6257188
5861922
6255403
6058023
6255657
5927206
4614939
4942881
4745764
5008664
5138991
5401654
5073459
5402424
5468217
5205304
4614441
4942628
9089880
8694619
9024595
8958288
8826971
8564309
9024858
8958808
8695383
9089112
8760667
8630102
8366928
8695640
9024093
9089118
8498004
9024348
8695382
8498003
8957532
8957271
9023056
9023325
9089626
8957518
9088592
8891217
9019998
9153871
9022539
9022284
8561994
9021770
8955977
8822358
9020747
8297285
9083983
9086032
9151825
8819026
8756553
8887373
8756041
8951635
8100160
8295490
9083221
9085009
8299849
9150037
8431435
8888151
8233554
8299855
7971405
8364355
9152093
8692550
8823883
9151815
8562766
9087055
8626753
8692568
9018969
8756573
9023578
8431696
8365126
7904830
8036671
8497489
8233540
8102464
8299335
8691542
8233538
8299331
8497222
7971393
8365128
8102209
8300358
8431174
8820829
8559194
8430919
8299588
8103238
7840327
8166461
9016926
7643201
7643460
8035644
7840584
7708237
8886869
8951133
7775046
7774783
7446081
7837773
8952923
7972168
8102984
7642427
7643197
8102724
7511611
8624211
8758622
8885595
8692060
7707706
7839035
9149784
7773240
7510068
7312948
8033876
7446342
7444534
7771456
8561733
8299325
7314248
7904058
8429633
7708745
7772217
8232769
7773242
7575093
7508786
7640632
8885853
7183163
7117884
7970623
8035898
7641395
7771697
7903798
7117370
8035904
7707188
7903536
7904306
7839288
7772732
7970366
7446335
7970619
8036151
8102453
7839541
7773749
7707449
7902799
7511615
7708220
7839546
7840054
7839799
7445818
7774267
7839292
8560217
8951646
8759112
8365379
8168002
7905853
7840060
7840066
7708474
7380539
7314230
7445302
8233791
8102207
7511350
8037198
7905871
7183418
6986038
7117621
7511609
8035390
8430147
8168000
7511095
7577404
8102205
8168510
7906114
7511356
7971398
8099414
7641146
7642942
7380029
6985530
7706448
8624218
8688988
8234062
8887389
8427588
8886610
7314236
7245367
7706425
8822365
7379770
7445048
8819294
7182650
7446595
8492378
7445834
7313716
7512135
7707960
7248439
7638078
8364118
7971662
7380803
7181877
7051060
7835457
7379256
7379786
7182916
8161882
7965779
7511619
6459707
8032342
7248956
7770196
7577408
7836757
7445822
7640909
7117631
7905339
7379509
7640655
8168511
7572560
8821851
6720811
8559963
7906628
7310923
5999156
6393660
8625756
7569745
8625501
8162396
7703383
7113526
7835223
8230494
7772495
6920252
6460476
8296540
7511113
6328375
7964503
8362078
8161876
8032856
7182153
7901525
6327867
7313993
5933109
7903060
7507024
8295005
8165971
6327104
6129725
6064187
6130235
6196535
7638351
8098396
6852420
6918213
6918727
6787141
6458690
6261566
6327614
6591300
6262589
6852680
6984006
6984527
6787402
7835732
8361053
7114572
7772248
7444044
7769941
8099676
7837781
8033109
8033364
8230488
8493146
8494170
8164950
8230490
11054966
10594930
10199910
10398559
10596702
10596961
10795109
10269534
10401629
10006869
10533468
10730333
10532185
10597469
10793572
10661484
10399081
9939800
9480527
9283411
9613412
9416034
9942117
10072680
9940579
10071905
9808732
9613146
9811294
9483097
9680733
9483354
9942878
10073696
10270561
9809755
10531948
10334060
10859893
10006620
9548114
9352019
8825677
9023317
8760661
9352798
9809253
10398328
9678945
8957785
9676900
10266485
10007142
9088078
9219924
8958555
10005611
10007140
9416275
9284705
9219427
9287253
9352531
9417812
8891484
9284960
10073703
10204011
9218912
9088355
9156187
9417814
9022302
8957023
9746268
9810778
9676893
10662006
9940592
10071651
10135916
9416038
10007904
9283158
10005350
9872494
9614185
9549414
9810022
9545574
9807730
9415275
9350498
9218146
9282408
9940847
9873776
10071918
9810270
9876571
9876577
9482836
9350735
9150308
8820327
9677408
9744217
10072927
9744477
10202983
9808993
9087308
9218380
10200680
9873515
9547606
10725752
10532215
9941347
9214807
10462327
10137717
9677420
9282911
9477465
9283933
9478996
10135649
10659953
9348195
9413974
9938537
10334321
9217371
9543782
10005864
9741666
9217365
10136434
10072433
9872744
9612129
9479257
9674335
9676114
9674583
9086307
9479757
9740891
8954723
9283658
9084752
10267501
9020004
9282649
9150047
9873009
9083493
9215071
9807983
9412705
9610606
9281627
10069353
9544811
9216338
9411931
9870704
9084768
9739891
9282917
9806444
9020259
9609063
10002799
9281115
10660729
9609576
9346665
9215848
10597238
10531445
9477986
9412193
10071663
9148512
9809260
9148516
8953697
9345901
8756064
9279336
8887136
10068599
9869937
9739881
9018975
9543021
9085023
8886367
8886113
9346410
9874546
10138225
9018722
8624235
8032351
9610104
8426083
9019490
9739637
9085283
9739892
8754533
8426336
8228704
8227936
8953704
9412717
9938554
8096865
9674874
10072186
8952688
9743220
9281386
9546861
8823137
7968865
8429671
8559455
8494433
8558695
9216372
8623468
9280884
9544311
8755303
8559712
8623715
8821858
9282670
5264432
5527858
5462834
5398323
4806445
4740913
4609334
4608552
4675114
5136947
5664057
5467702
5531707
4872505
5132593
5527605
5923386
6121791
6123589
5795650
5795389
6058304
5531197
4477233
5464647
4280880
4347435
4874034
5269560
5928259
6586437
5663550
4150317
6320463
6125377
6652230
6324032
6913593
4151855
6847540
6519858
5136694
6782261
5728570
5003062
7176016
7310136
7376190
6783545
5597239
4608558
7176271
5333304
4476978
6585137
7178041
7507770
7507001
7441722
7309882
7112250
5004339
7639101
7836220
7508023
7638333
7375929
7376184
7046196
6848562
6782515
5269550
4807214
7571771
7505977
7704380
7704379
7441976
7374652
6979894
7045687
6914101
6520113
6717492
5268533
4872244
7505469
7176502
7439931
7242552
7045941
7243834
6716982
6322732
5992256
5333818
4608819
7177273
5332789
6651189
6387255
5597231
5070125
6915639
6914616
6520119
6585904
5334059
5003565
7046455
5661493
4673576
7045688
6848308
6586668
6718254
6915633
6521897
5728564
5200944
6979895
6782769
6851116
6851115
5596470
4806192
7244598
7112248
6785069
6585396
5531954
4675882
5335343
5004594
7178550
6454567
6651692
5663032
7047219
6980409
6454820
6651432
6717484
5399091
4608299
6588458
6521383
6849579
6915118
7178035
6783024
6914355
6717237
6914349
6848556
5596464
4937772
7112242
6914863
6849070
6783278
6651946
5797157
5464623
6060323
6520360
5531699
4477995
5532468
4939570
4280881
5532214
4610605
4808746
4084518
6979634
6716715
6652461
6061346
5269299
5266997
5525559
6388525
5996067
7237453
6125608
6254128
6653737
5796388
5993767
6650156
7174202
5926952
6845745
7041338
5796643
7239226
7961166
6255155
7238464
7566667
7175501
6978637
6322987
7503699
7180111
7047248
6059046
5928991
6190887
6321446
6124578
6650669
6387496
5665825
4483353
7501648
4811042
6714175
6780738
5728811
6063165
6319407
6318131
7374418
7441231
5931579
7240256
7764299
6910788
7242317
7371344
7107663
6713413
6714181
6847569
3687703
4279581
3950614
5396284
4344872
4016670
4082970
4017431
3952661
4347419
4479005
3558681
3296019
4018715
4149532
4346142
5003049
5133869
4937256
4477982
4281626
4150554
4479519
4676899
3820573
3624217
3756570
4086042
3889940
4284952
4283671
4480027
4675868
4872480
5661230
5397803
4805666
4148248
4346396
4412957
4479520
4677413
5006378
4808745
3228954
3295517
3361563
3953694
4085276
3953945
4413980
4150808
4348187
4349211
4021780
4349465
4677407
5136421
5464363
5003812
5201191
4938019
4412189
4281373
4413218
4742183
4479781
4940332
5072175
3426838
3428119
3889438
4087586
4021793
3890207
4152863
3955994
4349722
4547101
4940832
4677406
5005602
4743199
4481563
4218905
4217882
4677152
4873508
4741922
4939042
4610077
4742431
4610591
3953176
3821850
4545319
4742698
5137456
4940334
4411450
3229205
4347680
4480800
4152604
4350752
4351520
4285473
4417059
4482592
4219420
4876321
4744480
4546074
4808992
5006117
5137703
4612640
4282908
4414496
4874277
4611105
4480028
4348441
4415258
4480542
4217117
4282401
5006125
5400628
5071663
3163422
3230232
3822363
3558932
3624725
3822616
3954455
4152089
4415004
4481308
4350491
4482077
4614177
4613663
4547356
4875809
4809762
4941093
4940838
4612383
4151577
4480287
4611875
4414494
4415006
4283675
4218652
4612385
4546593
4216862
5005100
5399858
3822623
3823639
3954964
4546847
4415261
4152598
4415768
4481304
4809755
4415257
4546843
4481050
4875808
4941601
5006625
4875039
5072679
4875557
4613155
4283418
4743714
4348960
4415268
4152610
4284196
4218403
4612647
4875049
4545573
4479011
4872746
5333297
5137720
4020763
4218644
4876829
4744988
4876319
4876317
4547351
4744730
4810269
4744223
5072673
5401124
5137952
5006366
5006111
4742685
5006372
5269544
4875812
4810273
4940578
4612637
4941348
4480546
4415014
4283943
4547115
4612907
4810026
4875304
5005863
5005349
4938787
4741408
5007398
4679710
4811036
5008413
4745239
5074204
5270814
4678937
4745757
4745249
5072157
5334815
5531680
5202461
5202976
5268769
4743708
4547097
4611613
4611614
5137957
4875300
4612386
4480291
4678440
4875818
4876582
4744735
4875547
5006874
4808726
4610832
4548632
4679703
4942872
4941848
4876316
4483100
4416798
4482845
4482331
4743961
5203998
5268508
5071389
4808987
4677401
4677915
4677660
4743200
4611359
5006371
5072164
4875555
4677921
4941350
4809764
4941605
4941602
5204253
5335323
5334808
5203222
5402400
4613916
4613402
4415511
4743962
4743969
4875045
4809254
4940070
4808738
5072165
5072418
5072927
4941340
4942110
5007394
5137443
5794852
5794594
4614685
4613917
4481561
4744476
4875047
4611620
4940324
5006880
5072926
4875802
4810009
5204513
5334822
5137188
5400360
5794604
5663273
5662757
5864254
4747548
4681755
4549915
4808985
4940573
4939809
4808484
4874785
4810015
4876062
5138720
5335076
5269289
5203496
5930047
5073441
4875548
4940571
5006886
5007141
5269283
5400621
5008929
5402914
5400869
5466153
5334568
5203242
5466415
5269036
5138719
5466915
5269029
5202981
5268774
6260035
5405495
5597987
5861159
5532449
5734714
5599011
5795620
5598495
5205539
5073698
5007905
5664804
6718531
5535032
5402399
5533725
5731104
6062904
6456388
5271328
6325567
6522693
5929274
6455365
5797688
6324293
5996349
6062911
5996608
6258755
10203764
9875816
9746018
9943652
9678938
10006873
9875285
10335066
10202458
10400606
10335320
10007636
9679441
9942872
9811547
9877087
10270312
10795386
10467191
9483615
9745501
9875287
9940572
10335585
10336608
9942617
10009180
10140766
10008671
10336869
10730102
10137457
9744229
9877601
9745507
9811302
10074729
9811811
9877858
9680988
9878363
9943641
9876824
10204521
10663292
10007663
9877097
9878888
9812835
9681249
9286489
9154911
9417822
9089110
9286483
9614422
10138473
9613931
9680741
9549922
9484637
8827216
8958802
9418075
9352282
9680479
9679714
10204019
10533247
9482599
10009706
9221466
8629582
9090133
9549916
9943905
9549661
9877859
9877604
9942631
9810023
10268536
10072951
9022047
8628567
9154389
9678684
10006372
10136936
10070635
10332537
10204025
9876334
9285220
9350753
9741669
10004076
10134392
9612905
9744737
9744731
9942364
9677922
9741676
9280110
10335858
9810530
9743207
9676399
10266495
10074229
9611876
9675630
10403198
8890722
8825437
9020253
9477996
9349743
8956001
9152611
9479279
9480814
9349736
9151845
9018989
9215085
9280624
8950382
9410679
11517301
11846267
11056491
9679708
9679716
9679459
9679971
9745764
9810531
9942116
9745246
9812065
9747302
9747032
9879128
9157203
9025364
9679453
9876318
10073697
9810784
9876838
9811304
10140267
10205550
10466676
11252098
10593652
10133611
10330731
9805152
9678177
9942625
9811300
10073702
9811039
9746787
9681509
9813095
9679967
9680476
9549910
9353046
9744991
9812072
9483367
9680486
9877095
10665332
10465654
10663039
9941856
9876832
9745509
9943143
10008163
10008418
9746273
9812325
9746793
9876323
10336874
10534000
10073449
9878120
9813355
9418601
8958564
9550696
8892762
10139495
10924672
10067582
9870712
9805684
10332282
9936758
9476207
9410669
9811557
9678430
10204519
10336107
10205035
10008424
9812841
9418342
9813359
9287529
9155936
8958554
9812319
9942370
10006379
9745499
9680480
9679961
9943911
9811045
10007910
10205289
10139490
9942880
9745760
9745761
9942886
10008679
9679718
9482853
10009451
10008683
10795634
10531186
9680739
10007909
10270821
10140004
9680222
9746269
10140010
10403182
9680225
9549669
10139749
10073188
9877347
9943397
9876324
9548890
9878118
10074217
10006640
9809502
9549161
9746272
9678944
9744738
9615195
9286744
9023572
9746015
9812066
9353312
9944674
9746526
10140265
10137711
9678939
9810016
9483113
9679968
9943139
9943651
9220951
9681502
9286228
9549143
9746007
9680214
9811031
10337377
9089879
9288028
9812833
10008932
10401898
10005865
9680475
9549663
9417561
9417303
9944172
9876587
9678951
9875562
9939563
10530169
9744998
9547877
9351013
9812333
9417574
9219687
9613937
9482098
8823659
9284470
9941632
9611888
9677938
9875317
10532737
9809514
10466174
9679447
9677160
9678175
9676652
9677407
10071149
9744732
10006626
10399859
10071410
10137209
10530175
9808994
10268013
10595709
9678170
10006112
10203237
10530673
9941088
9940833
10202982
10662517
9874786
9939308
9679198
9744230
9807985
9939055
10072674
10201963
9810264
10137698
10333549
10006634
9939310
10267759
9810525
10401384
10400623
9940586
9809494
10465393
9679192
10201709
10595958
10398838
10266993
9805419
9807714
10069365
10004594
10267512
10007402
10135411
9938028
9807971
10201204
10333560
9743462
10202488
10005871
10136689
9938287
10201973
9874025
10267258
9676899
9149044
9678183
8886381
10858609
9742174
9412972
10269036
10331239
10135156
10003313
10069873
9675369
9938283
9741161
9478251
10727548
10990212
10070127
10069618
10135920
9674860
9742699
10858881
9676138
9740653
10200171
10661492
9939049
10268783
9740908
10726268
9874284
9543274
9149545
9544310
10531453
9281641
10663808
10203267
9610871
9675375
9940599
9413741
8822891
9346670
10269818
9478510
10532228
9414509

